Policy,Repetition,Iteration,Nu,Nu_majority,Nu_minority,Nl,Nl_majority,Nl_minority
random_instances_GLM,1,0,3812,3438,374,100,92,8
random_instances_GLM,1,1,3712,3352,360,200,178,22
random_instances_GLM,1,2,3612,3261,351,300,269,31
random_instances_GLM,1,3,3512,3172,340,400,358,42
random_instances_GLM,1,4,3412,3081,331,500,449,51
random_instances_GLM,1,5,3312,2995,317,600,535,65
random_instances_GLM,1,6,3212,2905,307,700,625,75
random_instances_GLM,1,7,3112,2810,302,800,720,80
random_instances_GLM,1,8,3012,2715,297,900,815,85
random_instances_GLM,1,9,2912,2621,291,1000,909,91
random_instances_GLM,1,10,2812,2532,280,1100,998,102
random_instances_GLM,1,11,2712,2444,268,1200,1086,114
random_instances_GLM,1,12,2612,2351,261,1300,1179,121
random_instances_GLM,1,13,2512,2260,252,1400,1270,130
random_instances_GLM,1,14,2412,2170,242,1500,1360,140
random_instances_GLM,1,15,2312,2081,231,1600,1449,151
random_instances_GLM,1,16,2212,1990,222,1700,1540,160
random_instances_GLM,1,17,2112,1907,205,1800,1623,177
random_instances_GLM,1,18,2012,1823,189,1900,1707,193
random_instances_GLM,1,19,1912,1730,182,2000,1800,200
random_instances_GLM,1,20,1812,1640,172,2100,1890,210
random_instances_GLM,1,21,1712,1546,166,2200,1984,216
random_instances_GLM,1,22,1612,1459,153,2300,2071,229
random_instances_GLM,1,23,1512,1367,145,2400,2163,237
random_instances_GLM,1,24,1412,1275,137,2500,2255,245
random_instances_GLM,1,25,1312,1187,125,2600,2343,257
random_instances_GLM,1,26,1212,1097,115,2700,2433,267
random_instances_GLM,1,27,1112,1007,105,2800,2523,277
random_instances_GLM,1,28,1012,916,96,2900,2614,286
random_instances_GLM,1,29,912,822,90,3000,2708,292
random_instances_GLM,1,30,812,733,79,3100,2797,303
random_instances_GLM,1,31,712,643,69,3200,2887,313
random_instances_GLM,1,32,612,554,58,3300,2976,324
random_instances_GLM,1,33,512,464,48,3400,3066,334
random_instances_GLM,1,34,412,378,34,3500,3152,348
random_instances_GLM,1,35,312,290,22,3600,3240,360
random_instances_GLM,1,36,212,199,13,3700,3331,369
random_instances_GLM,1,37,112,103,9,3800,3427,373
random_instances_GLM,1,38,12,12,0,3900,3518,382
random_instances_GLM,1,39,0,0,0,3912,3530,382
random_instances_GLM,2,0,3812,3426,386,100,87,13
random_instances_GLM,2,1,3712,3342,370,200,171,29
random_instances_GLM,2,2,3612,3247,365,300,266,34
random_instances_GLM,2,3,3512,3156,356,400,357,43
random_instances_GLM,2,4,3412,3066,346,500,447,53
random_instances_GLM,2,5,3312,2979,333,600,534,66
random_instances_GLM,2,6,3212,2892,320,700,621,79
random_instances_GLM,2,7,3112,2798,314,800,715,85
random_instances_GLM,2,8,3012,2706,306,900,807,93
random_instances_GLM,2,9,2912,2614,298,1000,899,101
random_instances_GLM,2,10,2812,2524,288,1100,989,111
random_instances_GLM,2,11,2712,2436,276,1200,1077,123
random_instances_GLM,2,12,2612,2347,265,1300,1166,134
random_instances_GLM,2,13,2512,2263,249,1400,1250,150
random_instances_GLM,2,14,2412,2173,239,1500,1340,160
random_instances_GLM,2,15,2312,2083,229,1600,1430,170
random_instances_GLM,2,16,2212,1991,221,1700,1522,178
random_instances_GLM,2,17,2112,1898,214,1800,1615,185
random_instances_GLM,2,18,2012,1807,205,1900,1706,194
random_instances_GLM,2,19,1912,1718,194,2000,1795,205
random_instances_GLM,2,20,1812,1629,183,2100,1884,216
random_instances_GLM,2,21,1712,1539,173,2200,1974,226
random_instances_GLM,2,22,1612,1447,165,2300,2066,234
random_instances_GLM,2,23,1512,1357,155,2400,2156,244
random_instances_GLM,2,24,1412,1269,143,2500,2244,256
random_instances_GLM,2,25,1312,1182,130,2600,2331,269
random_instances_GLM,2,26,1212,1091,121,2700,2422,278
random_instances_GLM,2,27,1112,998,114,2800,2515,285
random_instances_GLM,2,28,1012,906,106,2900,2607,293
random_instances_GLM,2,29,912,823,89,3000,2690,310
random_instances_GLM,2,30,812,733,79,3100,2780,320
random_instances_GLM,2,31,712,640,72,3200,2873,327
random_instances_GLM,2,32,612,550,62,3300,2963,337
random_instances_GLM,2,33,512,461,51,3400,3052,348
random_instances_GLM,2,34,412,369,43,3500,3144,356
random_instances_GLM,2,35,312,281,31,3600,3232,368
random_instances_GLM,2,36,212,190,22,3700,3323,377
random_instances_GLM,2,37,112,103,9,3800,3410,390
random_instances_GLM,2,38,12,12,0,3900,3501,399
random_instances_GLM,2,39,0,0,0,3912,3513,399
random_instances_GLM,3,0,3812,3422,390,100,84,16
random_instances_GLM,3,1,3712,3338,374,200,168,32
random_instances_GLM,3,2,3612,3250,362,300,256,44
random_instances_GLM,3,3,3512,3160,352,400,346,54
random_instances_GLM,3,4,3412,3068,344,500,438,62
random_instances_GLM,3,5,3312,2980,332,600,526,74
random_instances_GLM,3,6,3212,2889,323,700,617,83
random_instances_GLM,3,7,3112,2796,316,800,710,90
random_instances_GLM,3,8,3012,2707,305,900,799,101
random_instances_GLM,3,9,2912,2614,298,1000,892,108
random_instances_GLM,3,10,2812,2528,284,1100,978,122
random_instances_GLM,3,11,2712,2437,275,1200,1069,131
random_instances_GLM,3,12,2612,2346,266,1300,1160,140
random_instances_GLM,3,13,2512,2257,255,1400,1249,151
random_instances_GLM,3,14,2412,2166,246,1500,1340,160
random_instances_GLM,3,15,2312,2075,237,1600,1431,169
random_instances_GLM,3,16,2212,1989,223,1700,1517,183
random_instances_GLM,3,17,2112,1900,212,1800,1606,194
random_instances_GLM,3,18,2012,1810,202,1900,1696,204
random_instances_GLM,3,19,1912,1717,195,2000,1789,211
random_instances_GLM,3,20,1812,1630,182,2100,1876,224
random_instances_GLM,3,21,1712,1538,174,2200,1968,232
random_instances_GLM,3,22,1612,1445,167,2300,2061,239
random_instances_GLM,3,23,1512,1358,154,2400,2148,252
random_instances_GLM,3,24,1412,1273,139,2500,2233,267
random_instances_GLM,3,25,1312,1183,129,2600,2323,277
random_instances_GLM,3,26,1212,1091,121,2700,2415,285
random_instances_GLM,3,27,1112,1000,112,2800,2506,294
random_instances_GLM,3,28,1012,909,103,2900,2597,303
random_instances_GLM,3,29,912,816,96,3000,2690,310
random_instances_GLM,3,30,812,726,86,3100,2780,320
random_instances_GLM,3,31,712,638,74,3200,2868,332
random_instances_GLM,3,32,612,551,61,3300,2955,345
random_instances_GLM,3,33,512,464,48,3400,3042,358
random_instances_GLM,3,34,412,372,40,3500,3134,366
random_instances_GLM,3,35,312,283,29,3600,3223,377
random_instances_GLM,3,36,212,195,17,3700,3311,389
random_instances_GLM,3,37,112,101,11,3800,3405,395
random_instances_GLM,3,38,12,12,0,3900,3494,406
random_instances_GLM,3,39,0,0,0,3912,3506,406
random_instances_GLM,4,0,3812,3425,387,100,91,9
random_instances_GLM,4,1,3712,3341,371,200,175,25
random_instances_GLM,4,2,3612,3248,364,300,268,32
random_instances_GLM,4,3,3512,3161,351,400,355,45
random_instances_GLM,4,4,3412,3069,343,500,447,53
random_instances_GLM,4,5,3312,2983,329,600,533,67
random_instances_GLM,4,6,3212,2892,320,700,624,76
random_instances_GLM,4,7,3112,2804,308,800,712,88
random_instances_GLM,4,8,3012,2713,299,900,803,97
random_instances_GLM,4,9,2912,2619,293,1000,897,103
random_instances_GLM,4,10,2812,2526,286,1100,990,110
random_instances_GLM,4,11,2712,2430,282,1200,1086,114
random_instances_GLM,4,12,2612,2341,271,1300,1175,125
random_instances_GLM,4,13,2512,2257,255,1400,1259,141
random_instances_GLM,4,14,2412,2175,237,1500,1341,159
random_instances_GLM,4,15,2312,2085,227,1600,1431,169
random_instances_GLM,4,16,2212,1996,216,1700,1520,180
random_instances_GLM,4,17,2112,1906,206,1800,1610,190
random_instances_GLM,4,18,2012,1815,197,1900,1701,199
random_instances_GLM,4,19,1912,1728,184,2000,1788,212
random_instances_GLM,4,20,1812,1636,176,2100,1880,220
random_instances_GLM,4,21,1712,1543,169,2200,1973,227
random_instances_GLM,4,22,1612,1451,161,2300,2065,235
random_instances_GLM,4,23,1512,1363,149,2400,2153,247
random_instances_GLM,4,24,1412,1274,138,2500,2242,258
random_instances_GLM,4,25,1312,1190,122,2600,2326,274
random_instances_GLM,4,26,1212,1102,110,2700,2414,286
random_instances_GLM,4,27,1112,1009,103,2800,2507,293
random_instances_GLM,4,28,1012,917,95,2900,2599,301
random_instances_GLM,4,29,912,831,81,3000,2685,315
random_instances_GLM,4,30,812,735,77,3100,2781,319
random_instances_GLM,4,31,712,642,70,3200,2874,326
random_instances_GLM,4,32,612,557,55,3300,2959,341
random_instances_GLM,4,33,512,466,46,3400,3050,350
random_instances_GLM,4,34,412,380,32,3500,3136,364
random_instances_GLM,4,35,312,288,24,3600,3228,372
random_instances_GLM,4,36,212,195,17,3700,3321,379
random_instances_GLM,4,37,112,100,12,3800,3416,384
random_instances_GLM,4,38,12,11,1,3900,3505,395
random_instances_GLM,4,39,0,0,0,3912,3516,396
random_instances_GLM,5,0,3812,3412,400,100,88,12
random_instances_GLM,5,1,3712,3328,384,200,172,28
random_instances_GLM,5,2,3612,3240,372,300,260,40
random_instances_GLM,5,3,3512,3154,358,400,346,54
random_instances_GLM,5,4,3412,3064,348,500,436,64
random_instances_GLM,5,5,3312,2977,335,600,523,77
random_instances_GLM,5,6,3212,2888,324,700,612,88
random_instances_GLM,5,7,3112,2798,314,800,702,98
random_instances_GLM,5,8,3012,2708,304,900,792,108
random_instances_GLM,5,9,2912,2618,294,1000,882,118
random_instances_GLM,5,10,2812,2527,285,1100,973,127
random_instances_GLM,5,11,2712,2435,277,1200,1065,135
random_instances_GLM,5,12,2612,2348,264,1300,1152,148
random_instances_GLM,5,13,2512,2256,256,1400,1244,156
random_instances_GLM,5,14,2412,2169,243,1500,1331,169
random_instances_GLM,5,15,2312,2082,230,1600,1418,182
random_instances_GLM,5,16,2212,1993,219,1700,1507,193
random_instances_GLM,5,17,2112,1905,207,1800,1595,205
random_instances_GLM,5,18,2012,1816,196,1900,1684,216
random_instances_GLM,5,19,1912,1725,187,2000,1775,225
random_instances_GLM,5,20,1812,1633,179,2100,1867,233
random_instances_GLM,5,21,1712,1544,168,2200,1956,244
random_instances_GLM,5,22,1612,1457,155,2300,2043,257
random_instances_GLM,5,23,1512,1371,141,2400,2129,271
random_instances_GLM,5,24,1412,1278,134,2500,2222,278
random_instances_GLM,5,25,1312,1191,121,2600,2309,291
random_instances_GLM,5,26,1212,1102,110,2700,2398,302
random_instances_GLM,5,27,1112,1010,102,2800,2490,310
random_instances_GLM,5,28,1012,919,93,2900,2581,319
random_instances_GLM,5,29,912,830,82,3000,2670,330
random_instances_GLM,5,30,812,740,72,3100,2760,340
random_instances_GLM,5,31,712,651,61,3200,2849,351
random_instances_GLM,5,32,612,560,52,3300,2940,360
random_instances_GLM,5,33,512,470,42,3400,3030,370
random_instances_GLM,5,34,412,377,35,3500,3123,377
random_instances_GLM,5,35,312,286,26,3600,3214,386
random_instances_GLM,5,36,212,193,19,3700,3307,393
random_instances_GLM,5,37,112,104,8,3800,3396,404
random_instances_GLM,5,38,12,12,0,3900,3488,412
random_instances_GLM,5,39,0,0,0,3912,3500,412
random_instances_GLM,6,0,3812,3396,416,100,91,9
random_instances_GLM,6,1,3712,3312,400,200,175,25
random_instances_GLM,6,2,3612,3219,393,300,268,32
random_instances_GLM,6,3,3512,3127,385,400,360,40
random_instances_GLM,6,4,3412,3037,375,500,450,50
random_instances_GLM,6,5,3312,2955,357,600,532,68
random_instances_GLM,6,6,3212,2864,348,700,623,77
random_instances_GLM,6,7,3112,2771,341,800,716,84
random_instances_GLM,6,8,3012,2678,334,900,809,91
random_instances_GLM,6,9,2912,2588,324,1000,899,101
random_instances_GLM,6,10,2812,2493,319,1100,994,106
random_instances_GLM,6,11,2712,2404,308,1200,1083,117
random_instances_GLM,6,12,2612,2313,299,1300,1174,126
random_instances_GLM,6,13,2512,2227,285,1400,1260,140
random_instances_GLM,6,14,2412,2137,275,1500,1350,150
random_instances_GLM,6,15,2312,2052,260,1600,1435,165
random_instances_GLM,6,16,2212,1968,244,1700,1519,181
random_instances_GLM,6,17,2112,1878,234,1800,1609,191
random_instances_GLM,6,18,2012,1784,228,1900,1703,197
random_instances_GLM,6,19,1912,1693,219,2000,1794,206
random_instances_GLM,6,20,1812,1606,206,2100,1881,219
random_instances_GLM,6,21,1712,1518,194,2200,1969,231
random_instances_GLM,6,22,1612,1432,180,2300,2055,245
random_instances_GLM,6,23,1512,1342,170,2400,2145,255
random_instances_GLM,6,24,1412,1252,160,2500,2235,265
random_instances_GLM,6,25,1312,1165,147,2600,2322,278
random_instances_GLM,6,26,1212,1077,135,2700,2410,290
random_instances_GLM,6,27,1112,987,125,2800,2500,300
random_instances_GLM,6,28,1012,898,114,2900,2589,311
random_instances_GLM,6,29,912,813,99,3000,2674,326
random_instances_GLM,6,30,812,732,80,3100,2755,345
random_instances_GLM,6,31,712,639,73,3200,2848,352
random_instances_GLM,6,32,612,551,61,3300,2936,364
random_instances_GLM,6,33,512,461,51,3400,3026,374
random_instances_GLM,6,34,412,373,39,3500,3114,386
random_instances_GLM,6,35,312,285,27,3600,3202,398
random_instances_GLM,6,36,212,193,19,3700,3294,406
random_instances_GLM,6,37,112,101,11,3800,3386,414
random_instances_GLM,6,38,12,10,2,3900,3477,423
random_instances_GLM,6,39,0,0,0,3912,3487,425
random_instances_GLM,7,0,3812,3423,389,100,95,5
random_instances_GLM,7,1,3712,3339,373,200,179,21
random_instances_GLM,7,2,3612,3247,365,300,271,29
random_instances_GLM,7,3,3512,3157,355,400,361,39
random_instances_GLM,7,4,3412,3066,346,500,452,48
random_instances_GLM,7,5,3312,2981,331,600,537,63
random_instances_GLM,7,6,3212,2893,319,700,625,75
random_instances_GLM,7,7,3112,2798,314,800,720,80
random_instances_GLM,7,8,3012,2709,303,900,809,91
random_instances_GLM,7,9,2912,2618,294,1000,900,100
random_instances_GLM,7,10,2812,2525,287,1100,993,107
random_instances_GLM,7,11,2712,2438,274,1200,1080,120
random_instances_GLM,7,12,2612,2347,265,1300,1171,129
random_instances_GLM,7,13,2512,2262,250,1400,1256,144
random_instances_GLM,7,14,2412,2170,242,1500,1348,152
random_instances_GLM,7,15,2312,2082,230,1600,1436,164
random_instances_GLM,7,16,2212,1993,219,1700,1525,175
random_instances_GLM,7,17,2112,1905,207,1800,1613,187
random_instances_GLM,7,18,2012,1812,200,1900,1706,194
random_instances_GLM,7,19,1912,1726,186,2000,1792,208
random_instances_GLM,7,20,1812,1637,175,2100,1881,219
random_instances_GLM,7,21,1712,1543,169,2200,1975,225
random_instances_GLM,7,22,1612,1454,158,2300,2064,236
random_instances_GLM,7,23,1512,1364,148,2400,2154,246
random_instances_GLM,7,24,1412,1280,132,2500,2238,262
random_instances_GLM,7,25,1312,1192,120,2600,2326,274
random_instances_GLM,7,26,1212,1098,114,2700,2420,280
random_instances_GLM,7,27,1112,1005,107,2800,2513,287
random_instances_GLM,7,28,1012,915,97,2900,2603,297
random_instances_GLM,7,29,912,828,84,3000,2690,310
random_instances_GLM,7,30,812,739,73,3100,2779,321
random_instances_GLM,7,31,712,648,64,3200,2870,330
random_instances_GLM,7,32,612,560,52,3300,2958,342
random_instances_GLM,7,33,512,467,45,3400,3051,349
random_instances_GLM,7,34,412,378,34,3500,3140,360
random_instances_GLM,7,35,312,287,25,3600,3231,369
random_instances_GLM,7,36,212,194,18,3700,3324,376
random_instances_GLM,7,37,112,103,9,3800,3415,385
random_instances_GLM,7,38,12,12,0,3900,3506,394
random_instances_GLM,7,39,0,0,0,3912,3518,394
random_instances_GLM,8,0,3812,3428,384,100,89,11
random_instances_GLM,8,1,3712,3343,369,200,174,26
random_instances_GLM,8,2,3612,3247,365,300,270,30
random_instances_GLM,8,3,3512,3160,352,400,357,43
random_instances_GLM,8,4,3412,3069,343,500,448,52
random_instances_GLM,8,5,3312,2978,334,600,539,61
random_instances_GLM,8,6,3212,2888,324,700,629,71
random_instances_GLM,8,7,3112,2799,313,800,718,82
random_instances_GLM,8,8,3012,2709,303,900,808,92
random_instances_GLM,8,9,2912,2620,292,1000,897,103
random_instances_GLM,8,10,2812,2526,286,1100,991,109
random_instances_GLM,8,11,2712,2438,274,1200,1079,121
random_instances_GLM,8,12,2612,2342,270,1300,1175,125
random_instances_GLM,8,13,2512,2261,251,1400,1256,144
random_instances_GLM,8,14,2412,2170,242,1500,1347,153
random_instances_GLM,8,15,2312,2080,232,1600,1437,163
random_instances_GLM,8,16,2212,1994,218,1700,1523,177
random_instances_GLM,8,17,2112,1901,211,1800,1616,184
random_instances_GLM,8,18,2012,1810,202,1900,1707,193
random_instances_GLM,8,19,1912,1722,190,2000,1795,205
random_instances_GLM,8,20,1812,1627,185,2100,1890,210
random_instances_GLM,8,21,1712,1536,176,2200,1981,219
random_instances_GLM,8,22,1612,1445,167,2300,2072,228
random_instances_GLM,8,23,1512,1353,159,2400,2164,236
random_instances_GLM,8,24,1412,1262,150,2500,2255,245
random_instances_GLM,8,25,1312,1174,138,2600,2343,257
random_instances_GLM,8,26,1212,1088,124,2700,2429,271
random_instances_GLM,8,27,1112,1002,110,2800,2515,285
random_instances_GLM,8,28,1012,910,102,2900,2607,293
random_instances_GLM,8,29,912,819,93,3000,2698,302
random_instances_GLM,8,30,812,728,84,3100,2789,311
random_instances_GLM,8,31,712,635,77,3200,2882,318
random_instances_GLM,8,32,612,543,69,3300,2974,326
random_instances_GLM,8,33,512,454,58,3400,3063,337
random_instances_GLM,8,34,412,367,45,3500,3150,350
random_instances_GLM,8,35,312,278,34,3600,3239,361
random_instances_GLM,8,36,212,186,26,3700,3331,369
random_instances_GLM,8,37,112,97,15,3800,3420,380
random_instances_GLM,8,38,12,12,0,3900,3505,395
random_instances_GLM,8,39,0,0,0,3912,3517,395
random_instances_GLM,9,0,3812,3417,395,100,91,9
random_instances_GLM,9,1,3712,3333,379,200,175,25
random_instances_GLM,9,2,3612,3241,371,300,267,33
random_instances_GLM,9,3,3512,3147,365,400,361,39
random_instances_GLM,9,4,3412,3060,352,500,448,52
random_instances_GLM,9,5,3312,2972,340,600,536,64
random_instances_GLM,9,6,3212,2884,328,700,624,76
random_instances_GLM,9,7,3112,2797,315,800,711,89
random_instances_GLM,9,8,3012,2708,304,900,800,100
random_instances_GLM,9,9,2912,2618,294,1000,890,110
random_instances_GLM,9,10,2812,2527,285,1100,981,119
random_instances_GLM,9,11,2712,2433,279,1200,1075,125
random_instances_GLM,9,12,2612,2352,260,1300,1156,144
random_instances_GLM,9,13,2512,2260,252,1400,1248,152
random_instances_GLM,9,14,2412,2171,241,1500,1337,163
random_instances_GLM,9,15,2312,2084,228,1600,1424,176
random_instances_GLM,9,16,2212,1994,218,1700,1514,186
random_instances_GLM,9,17,2112,1904,208,1800,1604,196
random_instances_GLM,9,18,2012,1814,198,1900,1694,206
random_instances_GLM,9,19,1912,1723,189,2000,1785,215
random_instances_GLM,9,20,1812,1636,176,2100,1872,228
random_instances_GLM,9,21,1712,1546,166,2200,1962,238
random_instances_GLM,9,22,1612,1459,153,2300,2049,251
random_instances_GLM,9,23,1512,1368,144,2400,2140,260
random_instances_GLM,9,24,1412,1276,136,2500,2232,268
random_instances_GLM,9,25,1312,1187,125,2600,2321,279
random_instances_GLM,9,26,1212,1096,116,2700,2412,288
random_instances_GLM,9,27,1112,1011,101,2800,2497,303
random_instances_GLM,9,28,1012,920,92,2900,2588,312
random_instances_GLM,9,29,912,830,82,3000,2678,322
random_instances_GLM,9,30,812,739,73,3100,2769,331
random_instances_GLM,9,31,712,651,61,3200,2857,343
random_instances_GLM,9,32,612,558,54,3300,2950,350
random_instances_GLM,9,33,512,465,47,3400,3043,357
random_instances_GLM,9,34,412,374,38,3500,3134,366
random_instances_GLM,9,35,312,288,24,3600,3220,380
random_instances_GLM,9,36,212,196,16,3700,3312,388
random_instances_GLM,9,37,112,103,9,3800,3405,395
random_instances_GLM,9,38,12,12,0,3900,3496,404
random_instances_GLM,9,39,0,0,0,3912,3508,404
random_instances_GLM,10,0,3812,3411,401,100,89,11
random_instances_GLM,10,1,3712,3327,385,200,173,27
random_instances_GLM,10,2,3612,3235,377,300,265,35
random_instances_GLM,10,3,3512,3142,370,400,358,42
random_instances_GLM,10,4,3412,3049,363,500,451,49
random_instances_GLM,10,5,3312,2967,345,600,533,67
random_instances_GLM,10,6,3212,2878,334,700,622,78
random_instances_GLM,10,7,3112,2785,327,800,715,85
random_instances_GLM,10,8,3012,2694,318,900,806,94
random_instances_GLM,10,9,2912,2599,313,1000,901,99
random_instances_GLM,10,10,2812,2508,304,1100,992,108
random_instances_GLM,10,11,2712,2417,295,1200,1083,117
random_instances_GLM,10,12,2612,2329,283,1300,1171,129
random_instances_GLM,10,13,2512,2242,270,1400,1258,142
random_instances_GLM,10,14,2412,2155,257,1500,1345,155
random_instances_GLM,10,15,2312,2065,247,1600,1435,165
random_instances_GLM,10,16,2212,1974,238,1700,1526,174
random_instances_GLM,10,17,2112,1883,229,1800,1617,183
random_instances_GLM,10,18,2012,1790,222,1900,1710,190
random_instances_GLM,10,19,1912,1701,211,2000,1799,201
random_instances_GLM,10,20,1812,1607,205,2100,1893,207
random_instances_GLM,10,21,1712,1517,195,2200,1983,217
random_instances_GLM,10,22,1612,1426,186,2300,2074,226
random_instances_GLM,10,23,1512,1338,174,2400,2162,238
random_instances_GLM,10,24,1412,1250,162,2500,2250,250
random_instances_GLM,10,25,1312,1158,154,2600,2342,258
random_instances_GLM,10,26,1212,1072,140,2700,2428,272
random_instances_GLM,10,27,1112,983,129,2800,2517,283
random_instances_GLM,10,28,1012,895,117,2900,2605,295
random_instances_GLM,10,29,912,805,107,3000,2695,305
random_instances_GLM,10,30,812,717,95,3100,2783,317
random_instances_GLM,10,31,712,628,84,3200,2872,328
random_instances_GLM,10,32,612,539,73,3300,2961,339
random_instances_GLM,10,33,512,449,63,3400,3051,349
random_instances_GLM,10,34,412,364,48,3500,3136,364
random_instances_GLM,10,35,312,275,37,3600,3225,375
random_instances_GLM,10,36,212,190,22,3700,3310,390
random_instances_GLM,10,37,112,101,11,3800,3399,401
random_instances_GLM,10,38,12,11,1,3900,3489,411
random_instances_GLM,10,39,0,0,0,3912,3500,412
random_instances_GLM,11,0,3812,3410,402,100,94,6
random_instances_GLM,11,1,3712,3326,386,200,178,22
random_instances_GLM,11,2,3612,3238,374,300,266,34
random_instances_GLM,11,3,3512,3148,364,400,356,44
random_instances_GLM,11,4,3412,3060,352,500,444,56
random_instances_GLM,11,5,3312,2967,345,600,537,63
random_instances_GLM,11,6,3212,2878,334,700,626,74
random_instances_GLM,11,7,3112,2794,318,800,710,90
random_instances_GLM,11,8,3012,2699,313,900,805,95
random_instances_GLM,11,9,2912,2606,306,1000,898,102
random_instances_GLM,11,10,2812,2512,300,1100,992,108
random_instances_GLM,11,11,2712,2428,284,1200,1076,124
random_instances_GLM,11,12,2612,2335,277,1300,1169,131
random_instances_GLM,11,13,2512,2248,264,1400,1256,144
random_instances_GLM,11,14,2412,2160,252,1500,1344,156
random_instances_GLM,11,15,2312,2074,238,1600,1430,170
random_instances_GLM,11,16,2212,1982,230,1700,1522,178
random_instances_GLM,11,17,2112,1893,219,1800,1611,189
random_instances_GLM,11,18,2012,1805,207,1900,1699,201
random_instances_GLM,11,19,1912,1715,197,2000,1789,211
random_instances_GLM,11,20,1812,1624,188,2100,1880,220
random_instances_GLM,11,21,1712,1537,175,2200,1967,233
random_instances_GLM,11,22,1612,1449,163,2300,2055,245
random_instances_GLM,11,23,1512,1365,147,2400,2139,261
random_instances_GLM,11,24,1412,1279,133,2500,2225,275
random_instances_GLM,11,25,1312,1196,116,2600,2308,292
random_instances_GLM,11,26,1212,1104,108,2700,2400,300
random_instances_GLM,11,27,1112,1014,98,2800,2490,310
random_instances_GLM,11,28,1012,925,87,2900,2579,321
random_instances_GLM,11,29,912,832,80,3000,2672,328
random_instances_GLM,11,30,812,741,71,3100,2763,337
random_instances_GLM,11,31,712,648,64,3200,2856,344
random_instances_GLM,11,32,612,553,59,3300,2951,349
random_instances_GLM,11,33,512,458,54,3400,3046,354
random_instances_GLM,11,34,412,373,39,3500,3131,369
random_instances_GLM,11,35,312,284,28,3600,3220,380
random_instances_GLM,11,36,212,194,18,3700,3310,390
random_instances_GLM,11,37,112,103,9,3800,3401,399
random_instances_GLM,11,38,12,12,0,3900,3492,408
random_instances_GLM,11,39,0,0,0,3912,3504,408
random_instances_GLM,12,0,3812,3429,383,100,83,17
random_instances_GLM,12,1,3712,3344,368,200,168,32
random_instances_GLM,12,2,3612,3259,353,300,253,47
random_instances_GLM,12,3,3512,3169,343,400,343,57
random_instances_GLM,12,4,3412,3081,331,500,431,69
random_instances_GLM,12,5,3312,2988,324,600,524,76
random_instances_GLM,12,6,3212,2901,311,700,611,89
random_instances_GLM,12,7,3112,2807,305,800,705,95
random_instances_GLM,12,8,3012,2718,294,900,794,106
random_instances_GLM,12,9,2912,2630,282,1000,882,118
random_instances_GLM,12,10,2812,2537,275,1100,975,125
random_instances_GLM,12,11,2712,2444,268,1200,1068,132
random_instances_GLM,12,12,2612,2353,259,1300,1159,141
random_instances_GLM,12,13,2512,2257,255,1400,1255,145
random_instances_GLM,12,14,2412,2168,244,1500,1344,156
random_instances_GLM,12,15,2312,2077,235,1600,1435,165
random_instances_GLM,12,16,2212,1989,223,1700,1523,177
random_instances_GLM,12,17,2112,1894,218,1800,1618,182
random_instances_GLM,12,18,2012,1810,202,1900,1702,198
random_instances_GLM,12,19,1912,1722,190,2000,1790,210
random_instances_GLM,12,20,1812,1633,179,2100,1879,221
random_instances_GLM,12,21,1712,1538,174,2200,1974,226
random_instances_GLM,12,22,1612,1447,165,2300,2065,235
random_instances_GLM,12,23,1512,1352,160,2400,2160,240
random_instances_GLM,12,24,1412,1266,146,2500,2246,254
random_instances_GLM,12,25,1312,1173,139,2600,2339,261
random_instances_GLM,12,26,1212,1081,131,2700,2431,269
random_instances_GLM,12,27,1112,995,117,2800,2517,283
random_instances_GLM,12,28,1012,909,103,2900,2603,297
random_instances_GLM,12,29,912,823,89,3000,2689,311
random_instances_GLM,12,30,812,734,78,3100,2778,322
random_instances_GLM,12,31,712,642,70,3200,2870,330
random_instances_GLM,12,32,612,549,63,3300,2963,337
random_instances_GLM,12,33,512,460,52,3400,3052,348
random_instances_GLM,12,34,412,374,38,3500,3138,362
random_instances_GLM,12,35,312,283,29,3600,3229,371
random_instances_GLM,12,36,212,188,24,3700,3324,376
random_instances_GLM,12,37,112,99,13,3800,3413,387
random_instances_GLM,12,38,12,11,1,3900,3501,399
random_instances_GLM,12,39,0,0,0,3912,3512,400
random_instances_GLM,13,0,3812,3427,385,100,90,10
random_instances_GLM,13,1,3712,3343,369,200,174,26
random_instances_GLM,13,2,3612,3251,361,300,266,34
random_instances_GLM,13,3,3512,3162,350,400,355,45
random_instances_GLM,13,4,3412,3070,342,500,447,53
random_instances_GLM,13,5,3312,2978,334,600,539,61
random_instances_GLM,13,6,3212,2887,325,700,630,70
random_instances_GLM,13,7,3112,2797,315,800,720,80
random_instances_GLM,13,8,3012,2706,306,900,811,89
random_instances_GLM,13,9,2912,2612,300,1000,905,95
random_instances_GLM,13,10,2812,2520,292,1100,997,103
random_instances_GLM,13,11,2712,2428,284,1200,1089,111
random_instances_GLM,13,12,2612,2335,277,1300,1182,118
random_instances_GLM,13,13,2512,2244,268,1400,1273,127
random_instances_GLM,13,14,2412,2156,256,1500,1361,139
random_instances_GLM,13,15,2312,2069,243,1600,1448,152
random_instances_GLM,13,16,2212,1977,235,1700,1540,160
random_instances_GLM,13,17,2112,1882,230,1800,1635,165
random_instances_GLM,13,18,2012,1791,221,1900,1726,174
random_instances_GLM,13,19,1912,1704,208,2000,1813,187
random_instances_GLM,13,20,1812,1619,193,2100,1898,202
random_instances_GLM,13,21,1712,1526,186,2200,1991,209
random_instances_GLM,13,22,1612,1435,177,2300,2082,218
random_instances_GLM,13,23,1512,1342,170,2400,2175,225
random_instances_GLM,13,24,1412,1261,151,2500,2256,244
random_instances_GLM,13,25,1312,1169,143,2600,2348,252
random_instances_GLM,13,26,1212,1073,139,2700,2444,256
random_instances_GLM,13,27,1112,982,130,2800,2535,265
random_instances_GLM,13,28,1012,893,119,2900,2624,276
random_instances_GLM,13,29,912,806,106,3000,2711,289
random_instances_GLM,13,30,812,719,93,3100,2798,302
random_instances_GLM,13,31,712,627,85,3200,2890,310
random_instances_GLM,13,32,612,538,74,3300,2979,321
random_instances_GLM,13,33,512,447,65,3400,3070,330
random_instances_GLM,13,34,412,358,54,3500,3159,341
random_instances_GLM,13,35,312,272,40,3600,3245,355
random_instances_GLM,13,36,212,183,29,3700,3334,366
random_instances_GLM,13,37,112,97,15,3800,3420,380
random_instances_GLM,13,38,12,10,2,3900,3507,393
random_instances_GLM,13,39,0,0,0,3912,3517,395
random_instances_GLM,14,0,3812,3414,398,100,87,13
random_instances_GLM,14,1,3712,3330,382,200,171,29
random_instances_GLM,14,2,3612,3245,367,300,256,44
random_instances_GLM,14,3,3512,3161,351,400,340,60
random_instances_GLM,14,4,3412,3072,340,500,429,71
random_instances_GLM,14,5,3312,2984,328,600,517,83
random_instances_GLM,14,6,3212,2895,317,700,606,94
random_instances_GLM,14,7,3112,2803,309,800,698,102
random_instances_GLM,14,8,3012,2710,302,900,791,109
random_instances_GLM,14,9,2912,2615,297,1000,886,114
random_instances_GLM,14,10,2812,2524,288,1100,977,123
random_instances_GLM,14,11,2712,2432,280,1200,1069,131
random_instances_GLM,14,12,2612,2342,270,1300,1159,141
random_instances_GLM,14,13,2512,2254,258,1400,1247,153
random_instances_GLM,14,14,2412,2170,242,1500,1331,169
random_instances_GLM,14,15,2312,2077,235,1600,1424,176
random_instances_GLM,14,16,2212,1982,230,1700,1519,181
random_instances_GLM,14,17,2112,1896,216,1800,1605,195
random_instances_GLM,14,18,2012,1805,207,1900,1696,204
random_instances_GLM,14,19,1912,1717,195,2000,1784,216
random_instances_GLM,14,20,1812,1628,184,2100,1873,227
random_instances_GLM,14,21,1712,1538,174,2200,1963,237
random_instances_GLM,14,22,1612,1454,158,2300,2047,253
random_instances_GLM,14,23,1512,1363,149,2400,2138,262
random_instances_GLM,14,24,1412,1274,138,2500,2227,273
random_instances_GLM,14,25,1312,1185,127,2600,2316,284
random_instances_GLM,14,26,1212,1094,118,2700,2407,293
random_instances_GLM,14,27,1112,1000,112,2800,2501,299
random_instances_GLM,14,28,1012,912,100,2900,2589,311
random_instances_GLM,14,29,912,824,88,3000,2677,323
random_instances_GLM,14,30,812,738,74,3100,2763,337
random_instances_GLM,14,31,712,646,66,3200,2855,345
random_instances_GLM,14,32,612,553,59,3300,2948,352
random_instances_GLM,14,33,512,463,49,3400,3038,362
random_instances_GLM,14,34,412,370,42,3500,3131,369
random_instances_GLM,14,35,312,277,35,3600,3224,376
random_instances_GLM,14,36,212,185,27,3700,3316,384
random_instances_GLM,14,37,112,99,13,3800,3402,398
random_instances_GLM,14,38,12,11,1,3900,3490,410
random_instances_GLM,14,39,0,0,0,3912,3501,411
random_instances_GLM,15,0,3812,3411,401,100,88,12
random_instances_GLM,15,1,3712,3327,385,200,172,28
random_instances_GLM,15,2,3612,3235,377,300,264,36
random_instances_GLM,15,3,3512,3144,368,400,355,45
random_instances_GLM,15,4,3412,3057,355,500,442,58
random_instances_GLM,15,5,3312,2966,346,600,533,67
random_instances_GLM,15,6,3212,2877,335,700,622,78
random_instances_GLM,15,7,3112,2781,331,800,718,82
random_instances_GLM,15,8,3012,2692,320,900,807,93
random_instances_GLM,15,9,2912,2601,311,1000,898,102
random_instances_GLM,15,10,2812,2510,302,1100,989,111
random_instances_GLM,15,11,2712,2416,296,1200,1083,117
random_instances_GLM,15,12,2612,2325,287,1300,1174,126
random_instances_GLM,15,13,2512,2243,269,1400,1256,144
random_instances_GLM,15,14,2412,2151,261,1500,1348,152
random_instances_GLM,15,15,2312,2070,242,1600,1429,171
random_instances_GLM,15,16,2212,1976,236,1700,1523,177
random_instances_GLM,15,17,2112,1886,226,1800,1613,187
random_instances_GLM,15,18,2012,1795,217,1900,1704,196
random_instances_GLM,15,19,1912,1706,206,2000,1793,207
random_instances_GLM,15,20,1812,1616,196,2100,1883,217
random_instances_GLM,15,21,1712,1526,186,2200,1973,227
random_instances_GLM,15,22,1612,1435,177,2300,2064,236
random_instances_GLM,15,23,1512,1349,163,2400,2150,250
random_instances_GLM,15,24,1412,1261,151,2500,2238,262
random_instances_GLM,15,25,1312,1173,139,2600,2326,274
random_instances_GLM,15,26,1212,1077,135,2700,2422,278
random_instances_GLM,15,27,1112,983,129,2800,2516,284
random_instances_GLM,15,28,1012,895,117,2900,2604,296
random_instances_GLM,15,29,912,803,109,3000,2696,304
random_instances_GLM,15,30,812,711,101,3100,2788,312
random_instances_GLM,15,31,712,629,83,3200,2870,330
random_instances_GLM,15,32,612,543,69,3300,2956,344
random_instances_GLM,15,33,512,450,62,3400,3049,351
random_instances_GLM,15,34,412,361,51,3500,3138,362
random_instances_GLM,15,35,312,275,37,3600,3224,376
random_instances_GLM,15,36,212,186,26,3700,3313,387
random_instances_GLM,15,37,112,94,18,3800,3405,395
random_instances_GLM,15,38,12,9,3,3900,3490,410
random_instances_GLM,15,39,0,0,0,3912,3499,413
random_instances_GLM,16,0,3812,3417,395,100,93,7
random_instances_GLM,16,1,3712,3333,379,200,177,23
random_instances_GLM,16,2,3612,3245,367,300,265,35
random_instances_GLM,16,3,3512,3157,355,400,353,47
random_instances_GLM,16,4,3412,3064,348,500,446,54
random_instances_GLM,16,5,3312,2975,337,600,535,65
random_instances_GLM,16,6,3212,2884,328,700,626,74
random_instances_GLM,16,7,3112,2792,320,800,718,82
random_instances_GLM,16,8,3012,2701,311,900,809,91
random_instances_GLM,16,9,2912,2609,303,1000,901,99
random_instances_GLM,16,10,2812,2518,294,1100,992,108
random_instances_GLM,16,11,2712,2435,277,1200,1075,125
random_instances_GLM,16,12,2612,2348,264,1300,1162,138
random_instances_GLM,16,13,2512,2258,254,1400,1252,148
random_instances_GLM,16,14,2412,2167,245,1500,1343,157
random_instances_GLM,16,15,2312,2075,237,1600,1435,165
random_instances_GLM,16,16,2212,1984,228,1700,1526,174
random_instances_GLM,16,17,2112,1894,218,1800,1616,184
random_instances_GLM,16,18,2012,1808,204,1900,1702,198
random_instances_GLM,16,19,1912,1718,194,2000,1792,208
random_instances_GLM,16,20,1812,1628,184,2100,1882,218
random_instances_GLM,16,21,1712,1535,177,2200,1975,225
random_instances_GLM,16,22,1612,1445,167,2300,2065,235
random_instances_GLM,16,23,1512,1359,153,2400,2151,249
random_instances_GLM,16,24,1412,1272,140,2500,2238,262
random_instances_GLM,16,25,1312,1187,125,2600,2323,277
random_instances_GLM,16,26,1212,1095,117,2700,2415,285
random_instances_GLM,16,27,1112,1001,111,2800,2509,291
random_instances_GLM,16,28,1012,910,102,2900,2600,300
random_instances_GLM,16,29,912,821,91,3000,2689,311
random_instances_GLM,16,30,812,729,83,3100,2781,319
random_instances_GLM,16,31,712,638,74,3200,2872,328
random_instances_GLM,16,32,612,546,66,3300,2964,336
random_instances_GLM,16,33,512,456,56,3400,3054,346
random_instances_GLM,16,34,412,372,40,3500,3138,362
random_instances_GLM,16,35,312,282,30,3600,3228,372
random_instances_GLM,16,36,212,193,19,3700,3317,383
random_instances_GLM,16,37,112,106,6,3800,3404,396
random_instances_GLM,16,38,12,12,0,3900,3498,402
random_instances_GLM,16,39,0,0,0,3912,3510,402
random_instances_GLM,17,0,3812,3410,402,100,92,8
random_instances_GLM,17,1,3712,3326,386,200,176,24
random_instances_GLM,17,2,3612,3232,380,300,270,30
random_instances_GLM,17,3,3512,3140,372,400,362,38
random_instances_GLM,17,4,3412,3053,359,500,449,51
random_instances_GLM,17,5,3312,2965,347,600,537,63
random_instances_GLM,17,6,3212,2876,336,700,626,74
random_instances_GLM,17,7,3112,2790,322,800,712,88
random_instances_GLM,17,8,3012,2699,313,900,803,97
random_instances_GLM,17,9,2912,2607,305,1000,895,105
random_instances_GLM,17,10,2812,2518,294,1100,984,116
random_instances_GLM,17,11,2712,2425,287,1200,1077,123
random_instances_GLM,17,12,2612,2333,279,1300,1169,131
random_instances_GLM,17,13,2512,2245,267,1400,1257,143
random_instances_GLM,17,14,2412,2153,259,1500,1349,151
random_instances_GLM,17,15,2312,2061,251,1600,1441,159
random_instances_GLM,17,16,2212,1970,242,1700,1532,168
random_instances_GLM,17,17,2112,1880,232,1800,1622,178
random_instances_GLM,17,18,2012,1792,220,1900,1710,190
random_instances_GLM,17,19,1912,1708,204,2000,1794,206
random_instances_GLM,17,20,1812,1617,195,2100,1885,215
random_instances_GLM,17,21,1712,1526,186,2200,1976,224
random_instances_GLM,17,22,1612,1434,178,2300,2068,232
random_instances_GLM,17,23,1512,1344,168,2400,2158,242
random_instances_GLM,17,24,1412,1257,155,2500,2245,255
random_instances_GLM,17,25,1312,1172,140,2600,2330,270
random_instances_GLM,17,26,1212,1079,133,2700,2423,277
random_instances_GLM,17,27,1112,991,121,2800,2511,289
random_instances_GLM,17,28,1012,903,109,2900,2599,301
random_instances_GLM,17,29,912,814,98,3000,2688,312
random_instances_GLM,17,30,812,725,87,3100,2777,323
random_instances_GLM,17,31,712,637,75,3200,2865,335
random_instances_GLM,17,32,612,544,68,3300,2958,342
random_instances_GLM,17,33,512,456,56,3400,3046,354
random_instances_GLM,17,34,412,366,46,3500,3136,364
random_instances_GLM,17,35,312,282,30,3600,3220,380
random_instances_GLM,17,36,212,191,21,3700,3311,389
random_instances_GLM,17,37,112,102,10,3800,3400,400
random_instances_GLM,17,38,12,9,3,3900,3493,407
random_instances_GLM,17,39,0,0,0,3912,3502,410
random_instances_GLM,18,0,3812,3418,394,100,89,11
random_instances_GLM,18,1,3712,3334,378,200,173,27
random_instances_GLM,18,2,3612,3242,370,300,265,35
random_instances_GLM,18,3,3512,3155,357,400,352,48
random_instances_GLM,18,4,3412,3067,345,500,440,60
random_instances_GLM,18,5,3312,2974,338,600,533,67
random_instances_GLM,18,6,3212,2887,325,700,620,80
random_instances_GLM,18,7,3112,2795,317,800,712,88
random_instances_GLM,18,8,3012,2702,310,900,805,95
random_instances_GLM,18,9,2912,2611,301,1000,896,104
random_instances_GLM,18,10,2812,2521,291,1100,986,114
random_instances_GLM,18,11,2712,2433,279,1200,1074,126
random_instances_GLM,18,12,2612,2340,272,1300,1167,133
random_instances_GLM,18,13,2512,2252,260,1400,1255,145
random_instances_GLM,18,14,2412,2165,247,1500,1342,158
random_instances_GLM,18,15,2312,2077,235,1600,1430,170
random_instances_GLM,18,16,2212,1987,225,1700,1520,180
random_instances_GLM,18,17,2112,1893,219,1800,1614,186
random_instances_GLM,18,18,2012,1803,209,1900,1704,196
random_instances_GLM,18,19,1912,1711,201,2000,1796,204
random_instances_GLM,18,20,1812,1624,188,2100,1883,217
random_instances_GLM,18,21,1712,1532,180,2200,1975,225
random_instances_GLM,18,22,1612,1444,168,2300,2063,237
random_instances_GLM,18,23,1512,1349,163,2400,2158,242
random_instances_GLM,18,24,1412,1263,149,2500,2244,256
random_instances_GLM,18,25,1312,1170,142,2600,2337,263
random_instances_GLM,18,26,1212,1080,132,2700,2427,273
random_instances_GLM,18,27,1112,992,120,2800,2515,285
random_instances_GLM,18,28,1012,907,105,2900,2600,300
random_instances_GLM,18,29,912,818,94,3000,2689,311
random_instances_GLM,18,30,812,722,90,3100,2785,315
random_instances_GLM,18,31,712,635,77,3200,2872,328
random_instances_GLM,18,32,612,546,66,3300,2961,339
random_instances_GLM,18,33,512,457,55,3400,3050,350
random_instances_GLM,18,34,412,369,43,3500,3138,362
random_instances_GLM,18,35,312,278,34,3600,3229,371
random_instances_GLM,18,36,212,188,24,3700,3319,381
random_instances_GLM,18,37,112,98,14,3800,3409,391
random_instances_GLM,18,38,12,11,1,3900,3496,404
random_instances_GLM,18,39,0,0,0,3912,3507,405
random_instances_GLM,19,0,3812,3396,416,100,94,6
random_instances_GLM,19,1,3712,3312,400,200,178,22
random_instances_GLM,19,2,3612,3221,391,300,269,31
random_instances_GLM,19,3,3512,3131,381,400,359,41
random_instances_GLM,19,4,3412,3042,370,500,448,52
random_instances_GLM,19,5,3312,2955,357,600,535,65
random_instances_GLM,19,6,3212,2869,343,700,621,79
random_instances_GLM,19,7,3112,2776,336,800,714,86
random_instances_GLM,19,8,3012,2686,326,900,804,96
random_instances_GLM,19,9,2912,2595,317,1000,895,105
random_instances_GLM,19,10,2812,2501,311,1100,989,111
random_instances_GLM,19,11,2712,2412,300,1200,1078,122
random_instances_GLM,19,12,2612,2323,289,1300,1167,133
random_instances_GLM,19,13,2512,2233,279,1400,1257,143
random_instances_GLM,19,14,2412,2141,271,1500,1349,151
random_instances_GLM,19,15,2312,2056,256,1600,1434,166
random_instances_GLM,19,16,2212,1964,248,1700,1526,174
random_instances_GLM,19,17,2112,1872,240,1800,1618,182
random_instances_GLM,19,18,2012,1783,229,1900,1707,193
random_instances_GLM,19,19,1912,1697,215,2000,1793,207
random_instances_GLM,19,20,1812,1604,208,2100,1886,214
random_instances_GLM,19,21,1712,1514,198,2200,1976,224
random_instances_GLM,19,22,1612,1426,186,2300,2064,236
random_instances_GLM,19,23,1512,1341,171,2400,2149,251
random_instances_GLM,19,24,1412,1256,156,2500,2234,266
random_instances_GLM,19,25,1312,1166,146,2600,2324,276
random_instances_GLM,19,26,1212,1078,134,2700,2412,288
random_instances_GLM,19,27,1112,993,119,2800,2497,303
random_instances_GLM,19,28,1012,909,103,2900,2581,319
random_instances_GLM,19,29,912,821,91,3000,2669,331
random_instances_GLM,19,30,812,731,81,3100,2759,341
random_instances_GLM,19,31,712,642,70,3200,2848,352
random_instances_GLM,19,32,612,550,62,3300,2940,360
random_instances_GLM,19,33,512,459,53,3400,3031,369
random_instances_GLM,19,34,412,370,42,3500,3120,380
random_instances_GLM,19,35,312,278,34,3600,3212,388
random_instances_GLM,19,36,212,189,23,3700,3301,399
random_instances_GLM,19,37,112,102,10,3800,3388,412
random_instances_GLM,19,38,12,11,1,3900,3479,421
random_instances_GLM,19,39,0,0,0,3912,3490,422
random_instances_GLM,20,0,3812,3410,402,100,86,14
random_instances_GLM,20,1,3712,3326,386,200,170,30
random_instances_GLM,20,2,3612,3241,371,300,255,45
random_instances_GLM,20,3,3512,3154,358,400,342,58
random_instances_GLM,20,4,3412,3059,353,500,437,63
random_instances_GLM,20,5,3312,2968,344,600,528,72
random_instances_GLM,20,6,3212,2880,332,700,616,84
random_instances_GLM,20,7,3112,2790,322,800,706,94
random_instances_GLM,20,8,3012,2701,311,900,795,105
random_instances_GLM,20,9,2912,2610,302,1000,886,114
random_instances_GLM,20,10,2812,2523,289,1100,973,127
random_instances_GLM,20,11,2712,2430,282,1200,1066,134
random_instances_GLM,20,12,2612,2338,274,1300,1158,142
random_instances_GLM,20,13,2512,2245,267,1400,1251,149
random_instances_GLM,20,14,2412,2158,254,1500,1338,162
random_instances_GLM,20,15,2312,2067,245,1600,1429,171
random_instances_GLM,20,16,2212,1978,234,1700,1518,182
random_instances_GLM,20,17,2112,1888,224,1800,1608,192
random_instances_GLM,20,18,2012,1798,214,1900,1698,202
random_instances_GLM,20,19,1912,1713,199,2000,1783,217
random_instances_GLM,20,20,1812,1624,188,2100,1872,228
random_instances_GLM,20,21,1712,1531,181,2200,1965,235
random_instances_GLM,20,22,1612,1442,170,2300,2054,246
random_instances_GLM,20,23,1512,1351,161,2400,2145,255
random_instances_GLM,20,24,1412,1262,150,2500,2234,266
random_instances_GLM,20,25,1312,1174,138,2600,2322,278
random_instances_GLM,20,26,1212,1081,131,2700,2415,285
random_instances_GLM,20,27,1112,990,122,2800,2506,294
random_instances_GLM,20,28,1012,900,112,2900,2596,304
random_instances_GLM,20,29,912,810,102,3000,2686,314
random_instances_GLM,20,30,812,719,93,3100,2777,323
random_instances_GLM,20,31,712,625,87,3200,2871,329
random_instances_GLM,20,32,612,535,77,3300,2961,339
random_instances_GLM,20,33,512,445,67,3400,3051,349
random_instances_GLM,20,34,412,356,56,3500,3140,360
random_instances_GLM,20,35,312,270,42,3600,3226,374
random_instances_GLM,20,36,212,181,31,3700,3315,385
random_instances_GLM,20,37,112,94,18,3800,3402,398
random_instances_GLM,20,38,12,9,3,3900,3487,413
random_instances_GLM,20,39,0,0,0,3912,3496,416
random_policy_GLM,1,0,3812,3438,374,100,92,8
random_policy_GLM,1,1,3712,3377,335,200,153,47
random_policy_GLM,1,2,3612,3304,308,300,226,74
random_policy_GLM,1,3,3512,3248,264,400,282,118
random_policy_GLM,1,4,3412,3175,237,500,355,145
random_policy_GLM,1,5,3312,3107,205,600,423,177
random_policy_GLM,1,6,3212,3042,170,700,488,212
random_policy_GLM,1,7,3112,2972,140,800,558,242
random_policy_GLM,1,8,3012,2906,106,900,624,276
random_policy_GLM,1,9,2912,2834,78,1000,696,304
random_policy_GLM,1,10,2812,2744,68,1100,786,314
random_policy_GLM,1,11,2712,2658,54,1200,872,328
random_policy_GLM,1,12,2612,2564,48,1300,966,334
random_policy_GLM,1,13,2512,2475,37,1400,1055,345
random_policy_GLM,1,14,2412,2381,31,1500,1149,351
random_policy_GLM,1,15,2312,2288,24,1600,1242,358
random_policy_GLM,1,16,2212,2190,22,1700,1340,360
random_policy_GLM,1,17,2112,2094,18,1800,1436,364
random_policy_GLM,1,18,2012,1998,14,1900,1532,368
random_policy_GLM,1,19,1912,1900,12,2000,1630,370
random_policy_GLM,1,20,1812,1803,9,2100,1727,373
random_policy_GLM,1,21,1712,1704,8,2200,1826,374
random_policy_GLM,1,22,1612,1605,7,2300,1925,375
random_policy_GLM,1,23,1512,1506,6,2400,2024,376
random_policy_GLM,1,24,1412,1406,6,2500,2124,376
random_policy_GLM,1,25,1312,1307,5,2600,2223,377
random_policy_GLM,1,26,1212,1208,4,2700,2322,378
random_policy_GLM,1,27,1112,1108,4,2800,2422,378
random_policy_GLM,1,28,1012,1009,3,2900,2521,379
random_policy_GLM,1,29,912,910,2,3000,2620,380
random_policy_GLM,1,30,812,811,1,3100,2719,381
random_policy_GLM,1,31,712,711,1,3200,2819,381
random_policy_GLM,1,32,612,611,1,3300,2919,381
random_policy_GLM,1,33,512,512,0,3400,3018,382
random_policy_GLM,1,34,412,412,0,3500,3118,382
random_policy_GLM,1,35,312,312,0,3600,3218,382
random_policy_GLM,1,36,212,212,0,3700,3318,382
random_policy_GLM,1,37,112,112,0,3800,3418,382
random_policy_GLM,1,38,12,12,0,3900,3518,382
random_policy_GLM,1,39,0,0,0,3912,3530,382
random_policy_GLM,2,0,3812,3426,386,100,87,13
random_policy_GLM,2,1,3712,3348,364,200,165,35
random_policy_GLM,2,2,3612,3293,319,300,220,80
random_policy_GLM,2,3,3512,3230,282,400,283,117
random_policy_GLM,2,4,3412,3161,251,500,352,148
random_policy_GLM,2,5,3312,3100,212,600,413,187
random_policy_GLM,2,6,3212,3034,178,700,479,221
random_policy_GLM,2,7,3112,2964,148,800,549,251
random_policy_GLM,2,8,3012,2886,126,900,627,273
random_policy_GLM,2,9,2912,2808,104,1000,705,295
random_policy_GLM,2,10,2812,2724,88,1100,789,311
random_policy_GLM,2,11,2712,2633,79,1200,880,320
random_policy_GLM,2,12,2612,2543,69,1300,970,330
random_policy_GLM,2,13,2512,2457,55,1400,1056,344
random_policy_GLM,2,14,2412,2366,46,1500,1147,353
random_policy_GLM,2,15,2312,2274,38,1600,1239,361
random_policy_GLM,2,16,2212,2182,30,1700,1331,369
random_policy_GLM,2,17,2112,2084,28,1800,1429,371
random_policy_GLM,2,18,2012,1991,21,1900,1522,378
random_policy_GLM,2,19,1912,1895,17,2000,1618,382
random_policy_GLM,2,20,1812,1797,15,2100,1716,384
random_policy_GLM,2,21,1712,1701,11,2200,1812,388
random_policy_GLM,2,22,1612,1603,9,2300,1910,390
random_policy_GLM,2,23,1512,1503,9,2400,2010,390
random_policy_GLM,2,24,1412,1405,7,2500,2108,392
random_policy_GLM,2,25,1312,1307,5,2600,2206,394
random_policy_GLM,2,26,1212,1208,4,2700,2305,395
random_policy_GLM,2,27,1112,1109,3,2800,2404,396
random_policy_GLM,2,28,1012,1011,1,2900,2502,398
random_policy_GLM,2,29,912,912,0,3000,2601,399
random_policy_GLM,2,30,812,812,0,3100,2701,399
random_policy_GLM,2,31,712,712,0,3200,2801,399
random_policy_GLM,2,32,612,612,0,3300,2901,399
random_policy_GLM,2,33,512,512,0,3400,3001,399
random_policy_GLM,2,34,412,412,0,3500,3101,399
random_policy_GLM,2,35,312,312,0,3600,3201,399
random_policy_GLM,2,36,212,212,0,3700,3301,399
random_policy_GLM,2,37,112,112,0,3800,3401,399
random_policy_GLM,2,38,12,12,0,3900,3501,399
random_policy_GLM,2,39,0,0,0,3912,3513,399
random_policy_GLM,3,0,3812,3422,390,100,84,16
random_policy_GLM,3,1,3712,3353,359,200,153,47
random_policy_GLM,3,2,3612,3274,338,300,232,68
random_policy_GLM,3,3,3512,3214,298,400,292,108
random_policy_GLM,3,4,3412,3150,262,500,356,144
random_policy_GLM,3,5,3312,3083,229,600,423,177
random_policy_GLM,3,6,3212,3020,192,700,486,214
random_policy_GLM,3,7,3112,2953,159,800,553,247
random_policy_GLM,3,8,3012,2881,131,900,625,275
random_policy_GLM,3,9,2912,2802,110,1000,704,296
random_policy_GLM,3,10,2812,2718,94,1100,788,312
random_policy_GLM,3,11,2712,2634,78,1200,872,328
random_policy_GLM,3,12,2612,2546,66,1300,960,340
random_policy_GLM,3,13,2512,2454,58,1400,1052,348
random_policy_GLM,3,14,2412,2366,46,1500,1140,360
random_policy_GLM,3,15,2312,2271,41,1600,1235,365
random_policy_GLM,3,16,2212,2176,36,1700,1330,370
random_policy_GLM,3,17,2112,2078,34,1800,1428,372
random_policy_GLM,3,18,2012,1981,31,1900,1525,375
random_policy_GLM,3,19,1912,1888,24,2000,1618,382
random_policy_GLM,3,20,1812,1792,20,2100,1714,386
random_policy_GLM,3,21,1712,1696,16,2200,1810,390
random_policy_GLM,3,22,1612,1598,14,2300,1908,392
random_policy_GLM,3,23,1512,1501,11,2400,2005,395
random_policy_GLM,3,24,1412,1403,9,2500,2103,397
random_policy_GLM,3,25,1312,1305,7,2600,2201,399
random_policy_GLM,3,26,1212,1207,5,2700,2299,401
random_policy_GLM,3,27,1112,1109,3,2800,2397,403
random_policy_GLM,3,28,1012,1009,3,2900,2497,403
random_policy_GLM,3,29,912,910,2,3000,2596,404
random_policy_GLM,3,30,812,810,2,3100,2696,404
random_policy_GLM,3,31,712,710,2,3200,2796,404
random_policy_GLM,3,32,612,611,1,3300,2895,405
random_policy_GLM,3,33,512,511,1,3400,2995,405
random_policy_GLM,3,34,412,412,0,3500,3094,406
random_policy_GLM,3,35,312,312,0,3600,3194,406
random_policy_GLM,3,36,212,212,0,3700,3294,406
random_policy_GLM,3,37,112,112,0,3800,3394,406
random_policy_GLM,3,38,12,12,0,3900,3494,406
random_policy_GLM,3,39,0,0,0,3912,3506,406
random_policy_GLM,4,0,3812,3425,387,100,91,9
random_policy_GLM,4,1,3712,3363,349,200,153,47
random_policy_GLM,4,2,3612,3299,313,300,217,83
random_policy_GLM,4,3,3512,3220,292,400,296,104
random_policy_GLM,4,4,3412,3168,244,500,348,152
random_policy_GLM,4,5,3312,3100,212,600,416,184
random_policy_GLM,4,6,3212,3026,186,700,490,210
random_policy_GLM,4,7,3112,2957,155,800,559,241
random_policy_GLM,4,8,3012,2875,137,900,641,259
random_policy_GLM,4,9,2912,2796,116,1000,720,280
random_policy_GLM,4,10,2812,2716,96,1100,800,300
random_policy_GLM,4,11,2712,2632,80,1200,884,316
random_policy_GLM,4,12,2612,2543,69,1300,973,327
random_policy_GLM,4,13,2512,2451,61,1400,1065,335
random_policy_GLM,4,14,2412,2358,54,1500,1158,342
random_policy_GLM,4,15,2312,2263,49,1600,1253,347
random_policy_GLM,4,16,2212,2164,48,1700,1352,348
random_policy_GLM,4,17,2112,2066,46,1800,1450,350
random_policy_GLM,4,18,2012,1971,41,1900,1545,355
random_policy_GLM,4,19,1912,1876,36,2000,1640,360
random_policy_GLM,4,20,1812,1779,33,2100,1737,363
random_policy_GLM,4,21,1712,1685,27,2200,1831,369
random_policy_GLM,4,22,1612,1593,19,2300,1923,377
random_policy_GLM,4,23,1512,1500,12,2400,2016,384
random_policy_GLM,4,24,1412,1407,5,2500,2109,391
random_policy_GLM,4,25,1312,1309,3,2600,2207,393
random_policy_GLM,4,26,1212,1210,2,2700,2306,394
random_policy_GLM,4,27,1112,1110,2,2800,2406,394
random_policy_GLM,4,28,1012,1010,2,2900,2506,394
random_policy_GLM,4,29,912,910,2,3000,2606,394
random_policy_GLM,4,30,812,811,1,3100,2705,395
random_policy_GLM,4,31,712,711,1,3200,2805,395
random_policy_GLM,4,32,612,611,1,3300,2905,395
random_policy_GLM,4,33,512,512,0,3400,3004,396
random_policy_GLM,4,34,412,412,0,3500,3104,396
random_policy_GLM,4,35,312,312,0,3600,3204,396
random_policy_GLM,4,36,212,212,0,3700,3304,396
random_policy_GLM,4,37,112,112,0,3800,3404,396
random_policy_GLM,4,38,12,12,0,3900,3504,396
random_policy_GLM,4,39,0,0,0,3912,3516,396
random_policy_GLM,5,0,3812,3412,400,100,88,12
random_policy_GLM,5,1,3712,3354,358,200,146,54
random_policy_GLM,5,2,3612,3275,337,300,225,75
random_policy_GLM,5,3,3512,3210,302,400,290,110
random_policy_GLM,5,4,3412,3144,268,500,356,144
random_policy_GLM,5,5,3312,3079,233,600,421,179
random_policy_GLM,5,6,3212,3010,202,700,490,210
random_policy_GLM,5,7,3112,2934,178,800,566,234
random_policy_GLM,5,8,3012,2866,146,900,634,266
random_policy_GLM,5,9,2912,2800,112,1000,700,300
random_policy_GLM,5,10,2812,2723,89,1100,777,323
random_policy_GLM,5,11,2712,2642,70,1200,858,342
random_policy_GLM,5,12,2612,2551,61,1300,949,351
random_policy_GLM,5,13,2512,2454,58,1400,1046,354
random_policy_GLM,5,14,2412,2361,51,1500,1139,361
random_policy_GLM,5,15,2312,2267,45,1600,1233,367
random_policy_GLM,5,16,2212,2174,38,1700,1326,374
random_policy_GLM,5,17,2112,2080,32,1800,1420,380
random_policy_GLM,5,18,2012,1989,23,1900,1511,389
random_policy_GLM,5,19,1912,1895,17,2000,1605,395
random_policy_GLM,5,20,1812,1797,15,2100,1703,397
random_policy_GLM,5,21,1712,1700,12,2200,1800,400
random_policy_GLM,5,22,1612,1601,11,2300,1899,401
random_policy_GLM,5,23,1512,1502,10,2400,1998,402
random_policy_GLM,5,24,1412,1404,8,2500,2096,404
random_policy_GLM,5,25,1312,1306,6,2600,2194,406
random_policy_GLM,5,26,1212,1207,5,2700,2293,407
random_policy_GLM,5,27,1112,1108,4,2800,2392,408
random_policy_GLM,5,28,1012,1009,3,2900,2491,409
random_policy_GLM,5,29,912,910,2,3000,2590,410
random_policy_GLM,5,30,812,812,0,3100,2688,412
random_policy_GLM,5,31,712,712,0,3200,2788,412
random_policy_GLM,5,32,612,612,0,3300,2888,412
random_policy_GLM,5,33,512,512,0,3400,2988,412
random_policy_GLM,5,34,412,412,0,3500,3088,412
random_policy_GLM,5,35,312,312,0,3600,3188,412
random_policy_GLM,5,36,212,212,0,3700,3288,412
random_policy_GLM,5,37,112,112,0,3800,3388,412
random_policy_GLM,5,38,12,12,0,3900,3488,412
random_policy_GLM,5,39,0,0,0,3912,3500,412
random_policy_GLM,6,0,3812,3396,416,100,91,9
random_policy_GLM,6,1,3712,3332,380,200,155,45
random_policy_GLM,6,2,3612,3269,343,300,218,82
random_policy_GLM,6,3,3512,3200,312,400,287,113
random_policy_GLM,6,4,3412,3135,277,500,352,148
random_policy_GLM,6,5,3312,3067,245,600,420,180
random_policy_GLM,6,6,3212,2992,220,700,495,205
random_policy_GLM,6,7,3112,2925,187,800,562,238
random_policy_GLM,6,8,3012,2853,159,900,634,266
random_policy_GLM,6,9,2912,2789,123,1000,698,302
random_policy_GLM,6,10,2812,2712,100,1100,775,325
random_policy_GLM,6,11,2712,2637,75,1200,850,350
random_policy_GLM,6,12,2612,2553,59,1300,934,366
random_policy_GLM,6,13,2512,2457,55,1400,1030,370
random_policy_GLM,6,14,2412,2366,46,1500,1121,379
random_policy_GLM,6,15,2312,2274,38,1600,1213,387
random_policy_GLM,6,16,2212,2180,32,1700,1307,393
random_policy_GLM,6,17,2112,2081,31,1800,1406,394
random_policy_GLM,6,18,2012,1988,24,1900,1499,401
random_policy_GLM,6,19,1912,1891,21,2000,1596,404
random_policy_GLM,6,20,1812,1795,17,2100,1692,408
random_policy_GLM,6,21,1712,1701,11,2200,1786,414
random_policy_GLM,6,22,1612,1604,8,2300,1883,417
random_policy_GLM,6,23,1512,1505,7,2400,1982,418
random_policy_GLM,6,24,1412,1407,5,2500,2080,420
random_policy_GLM,6,25,1312,1307,5,2600,2180,420
random_policy_GLM,6,26,1212,1208,4,2700,2279,421
random_policy_GLM,6,27,1112,1110,2,2800,2377,423
random_policy_GLM,6,28,1012,1011,1,2900,2476,424
random_policy_GLM,6,29,912,911,1,3000,2576,424
random_policy_GLM,6,30,812,811,1,3100,2676,424
random_policy_GLM,6,31,712,711,1,3200,2776,424
random_policy_GLM,6,32,612,611,1,3300,2876,424
random_policy_GLM,6,33,512,511,1,3400,2976,424
random_policy_GLM,6,34,412,412,0,3500,3075,425
random_policy_GLM,6,35,312,312,0,3600,3175,425
random_policy_GLM,6,36,212,212,0,3700,3275,425
random_policy_GLM,6,37,112,112,0,3800,3375,425
random_policy_GLM,6,38,12,12,0,3900,3475,425
random_policy_GLM,6,39,0,0,0,3912,3487,425
random_policy_GLM,7,0,3812,3423,389,100,95,5
random_policy_GLM,7,1,3712,3347,365,200,171,29
random_policy_GLM,7,2,3612,3302,310,300,216,84
random_policy_GLM,7,3,3512,3237,275,400,281,119
random_policy_GLM,7,4,3412,3180,232,500,338,162
random_policy_GLM,7,5,3312,3108,204,600,410,190
random_policy_GLM,7,6,3212,3034,178,700,484,216
random_policy_GLM,7,7,3112,2965,147,800,553,247
random_policy_GLM,7,8,3012,2888,124,900,630,270
random_policy_GLM,7,9,2912,2813,99,1000,705,295
random_policy_GLM,7,10,2812,2732,80,1100,786,314
random_policy_GLM,7,11,2712,2647,65,1200,871,329
random_policy_GLM,7,12,2612,2557,55,1300,961,339
random_policy_GLM,7,13,2512,2465,47,1400,1053,347
random_policy_GLM,7,14,2412,2368,44,1500,1150,350
random_policy_GLM,7,15,2312,2273,39,1600,1245,355
random_policy_GLM,7,16,2212,2175,37,1700,1343,357
random_policy_GLM,7,17,2112,2080,32,1800,1438,362
random_policy_GLM,7,18,2012,1982,30,1900,1536,364
random_policy_GLM,7,19,1912,1890,22,2000,1628,372
random_policy_GLM,7,20,1812,1793,19,2100,1725,375
random_policy_GLM,7,21,1712,1698,14,2200,1820,380
random_policy_GLM,7,22,1612,1603,9,2300,1915,385
random_policy_GLM,7,23,1512,1504,8,2400,2014,386
random_policy_GLM,7,24,1412,1406,6,2500,2112,388
random_policy_GLM,7,25,1312,1307,5,2600,2211,389
random_policy_GLM,7,26,1212,1209,3,2700,2309,391
random_policy_GLM,7,27,1112,1111,1,2800,2407,393
random_policy_GLM,7,28,1012,1012,0,2900,2506,394
random_policy_GLM,7,29,912,912,0,3000,2606,394
random_policy_GLM,7,30,812,812,0,3100,2706,394
random_policy_GLM,7,31,712,712,0,3200,2806,394
random_policy_GLM,7,32,612,612,0,3300,2906,394
random_policy_GLM,7,33,512,512,0,3400,3006,394
random_policy_GLM,7,34,412,412,0,3500,3106,394
random_policy_GLM,7,35,312,312,0,3600,3206,394
random_policy_GLM,7,36,212,212,0,3700,3306,394
random_policy_GLM,7,37,112,112,0,3800,3406,394
random_policy_GLM,7,38,12,12,0,3900,3506,394
random_policy_GLM,7,39,0,0,0,3912,3518,394
random_policy_GLM,8,0,3812,3428,384,100,89,11
random_policy_GLM,8,1,3712,3370,342,200,147,53
random_policy_GLM,8,2,3612,3305,307,300,212,88
random_policy_GLM,8,3,3512,3236,276,400,281,119
random_policy_GLM,8,4,3412,3171,241,500,346,154
random_policy_GLM,8,5,3312,3107,205,600,410,190
random_policy_GLM,8,6,3212,3031,181,700,486,214
random_policy_GLM,8,7,3112,2956,156,800,561,239
random_policy_GLM,8,8,3012,2883,129,900,634,266
random_policy_GLM,8,9,2912,2808,104,1000,709,291
random_policy_GLM,8,10,2812,2729,83,1100,788,312
random_policy_GLM,8,11,2712,2642,70,1200,875,325
random_policy_GLM,8,12,2612,2554,58,1300,963,337
random_policy_GLM,8,13,2512,2462,50,1400,1055,345
random_policy_GLM,8,14,2412,2369,43,1500,1148,352
random_policy_GLM,8,15,2312,2276,36,1600,1241,359
random_policy_GLM,8,16,2212,2180,32,1700,1337,363
random_policy_GLM,8,17,2112,2083,29,1800,1434,366
random_policy_GLM,8,18,2012,1989,23,1900,1528,372
random_policy_GLM,8,19,1912,1895,17,2000,1622,378
random_policy_GLM,8,20,1812,1798,14,2100,1719,381
random_policy_GLM,8,21,1712,1700,12,2200,1817,383
random_policy_GLM,8,22,1612,1604,8,2300,1913,387
random_policy_GLM,8,23,1512,1506,6,2400,2011,389
random_policy_GLM,8,24,1412,1408,4,2500,2109,391
random_policy_GLM,8,25,1312,1312,0,2600,2205,395
random_policy_GLM,8,26,1212,1212,0,2700,2305,395
random_policy_GLM,8,27,1112,1112,0,2800,2405,395
random_policy_GLM,8,28,1012,1012,0,2900,2505,395
random_policy_GLM,8,29,912,912,0,3000,2605,395
random_policy_GLM,8,30,812,812,0,3100,2705,395
random_policy_GLM,8,31,712,712,0,3200,2805,395
random_policy_GLM,8,32,612,612,0,3300,2905,395
random_policy_GLM,8,33,512,512,0,3400,3005,395
random_policy_GLM,8,34,412,412,0,3500,3105,395
random_policy_GLM,8,35,312,312,0,3600,3205,395
random_policy_GLM,8,36,212,212,0,3700,3305,395
random_policy_GLM,8,37,112,112,0,3800,3405,395
random_policy_GLM,8,38,12,12,0,3900,3505,395
random_policy_GLM,8,39,0,0,0,3912,3517,395
random_policy_GLM,9,0,3812,3417,395,100,91,9
random_policy_GLM,9,1,3712,3358,354,200,150,50
random_policy_GLM,9,2,3612,3282,330,300,226,74
random_policy_GLM,9,3,3512,3220,292,400,288,112
random_policy_GLM,9,4,3412,3163,249,500,345,155
random_policy_GLM,9,5,3312,3100,212,600,408,192
random_policy_GLM,9,6,3212,3034,178,700,474,226
random_policy_GLM,9,7,3112,2959,153,800,549,251
random_policy_GLM,9,8,3012,2890,122,900,618,282
random_policy_GLM,9,9,2912,2816,96,1000,692,308
random_policy_GLM,9,10,2812,2735,77,1100,773,327
random_policy_GLM,9,11,2712,2646,66,1200,862,338
random_policy_GLM,9,12,2612,2551,61,1300,957,343
random_policy_GLM,9,13,2512,2461,51,1400,1047,353
random_policy_GLM,9,14,2412,2369,43,1500,1139,361
random_policy_GLM,9,15,2312,2273,39,1600,1235,365
random_policy_GLM,9,16,2212,2175,37,1700,1333,367
random_policy_GLM,9,17,2112,2082,30,1800,1426,374
random_policy_GLM,9,18,2012,1985,27,1900,1523,377
random_policy_GLM,9,19,1912,1892,20,2000,1616,384
random_policy_GLM,9,20,1812,1797,15,2100,1711,389
random_policy_GLM,9,21,1712,1699,13,2200,1809,391
random_policy_GLM,9,22,1612,1601,11,2300,1907,393
random_policy_GLM,9,23,1512,1502,10,2400,2006,394
random_policy_GLM,9,24,1412,1407,5,2500,2101,399
random_policy_GLM,9,25,1312,1308,4,2600,2200,400
random_policy_GLM,9,26,1212,1208,4,2700,2300,400
random_policy_GLM,9,27,1112,1109,3,2800,2399,401
random_policy_GLM,9,28,1012,1009,3,2900,2499,401
random_policy_GLM,9,29,912,909,3,3000,2599,401
random_policy_GLM,9,30,812,810,2,3100,2698,402
random_policy_GLM,9,31,712,710,2,3200,2798,402
random_policy_GLM,9,32,612,611,1,3300,2897,403
random_policy_GLM,9,33,512,511,1,3400,2997,403
random_policy_GLM,9,34,412,412,0,3500,3096,404
random_policy_GLM,9,35,312,312,0,3600,3196,404
random_policy_GLM,9,36,212,212,0,3700,3296,404
random_policy_GLM,9,37,112,112,0,3800,3396,404
random_policy_GLM,9,38,12,12,0,3900,3496,404
random_policy_GLM,9,39,0,0,0,3912,3508,404
random_policy_GLM,10,0,3812,3411,401,100,89,11
random_policy_GLM,10,1,3712,3367,345,200,133,67
random_policy_GLM,10,2,3612,3291,321,300,209,91
random_policy_GLM,10,3,3512,3220,292,400,280,120
random_policy_GLM,10,4,3412,3149,263,500,351,149
random_policy_GLM,10,5,3312,3078,234,600,422,178
random_policy_GLM,10,6,3212,3010,202,700,490,210
random_policy_GLM,10,7,3112,2938,174,800,562,238
random_policy_GLM,10,8,3012,2862,150,900,638,262
random_policy_GLM,10,9,2912,2800,112,1000,700,300
random_policy_GLM,10,10,2812,2722,90,1100,778,322
random_policy_GLM,10,11,2712,2634,78,1200,866,334
random_policy_GLM,10,12,2612,2548,64,1300,952,348
random_policy_GLM,10,13,2512,2458,54,1400,1042,358
random_policy_GLM,10,14,2412,2364,48,1500,1136,364
random_policy_GLM,10,15,2312,2271,41,1600,1229,371
random_policy_GLM,10,16,2212,2176,36,1700,1324,376
random_policy_GLM,10,17,2112,2082,30,1800,1418,382
random_policy_GLM,10,18,2012,1987,25,1900,1513,387
random_policy_GLM,10,19,1912,1890,22,2000,1610,390
random_policy_GLM,10,20,1812,1794,18,2100,1706,394
random_policy_GLM,10,21,1712,1697,15,2200,1803,397
random_policy_GLM,10,22,1612,1601,11,2300,1899,401
random_policy_GLM,10,23,1512,1503,9,2400,1997,403
random_policy_GLM,10,24,1412,1406,6,2500,2094,406
random_policy_GLM,10,25,1312,1309,3,2600,2191,409
random_policy_GLM,10,26,1212,1210,2,2700,2290,410
random_policy_GLM,10,27,1112,1111,1,2800,2389,411
random_policy_GLM,10,28,1012,1012,0,2900,2488,412
random_policy_GLM,10,29,912,912,0,3000,2588,412
random_policy_GLM,10,30,812,812,0,3100,2688,412
random_policy_GLM,10,31,712,712,0,3200,2788,412
random_policy_GLM,10,32,612,612,0,3300,2888,412
random_policy_GLM,10,33,512,512,0,3400,2988,412
random_policy_GLM,10,34,412,412,0,3500,3088,412
random_policy_GLM,10,35,312,312,0,3600,3188,412
random_policy_GLM,10,36,212,212,0,3700,3288,412
random_policy_GLM,10,37,112,112,0,3800,3388,412
random_policy_GLM,10,38,12,12,0,3900,3488,412
random_policy_GLM,10,39,0,0,0,3912,3500,412
random_policy_GLM,11,0,3812,3410,402,100,94,6
random_policy_GLM,11,1,3712,3344,368,200,160,40
random_policy_GLM,11,2,3612,3283,329,300,221,79
random_policy_GLM,11,3,3512,3217,295,400,287,113
random_policy_GLM,11,4,3412,3149,263,500,355,145
random_policy_GLM,11,5,3312,3086,226,600,418,182
random_policy_GLM,11,6,3212,3013,199,700,491,209
random_policy_GLM,11,7,3112,2943,169,800,561,239
random_policy_GLM,11,8,3012,2875,137,900,629,271
random_policy_GLM,11,9,2912,2799,113,1000,705,295
random_policy_GLM,11,10,2812,2726,86,1100,778,322
random_policy_GLM,11,11,2712,2647,65,1200,857,343
random_policy_GLM,11,12,2612,2557,55,1300,947,353
random_policy_GLM,11,13,2512,2462,50,1400,1042,358
random_policy_GLM,11,14,2412,2369,43,1500,1135,365
random_policy_GLM,11,15,2312,2273,39,1600,1231,369
random_policy_GLM,11,16,2212,2179,33,1700,1325,375
random_policy_GLM,11,17,2112,2083,29,1800,1421,379
random_policy_GLM,11,18,2012,1988,24,1900,1516,384
random_policy_GLM,11,19,1912,1892,20,2000,1612,388
random_policy_GLM,11,20,1812,1798,14,2100,1706,394
random_policy_GLM,11,21,1712,1700,12,2200,1804,396
random_policy_GLM,11,22,1612,1601,11,2300,1903,397
random_policy_GLM,11,23,1512,1501,11,2400,2003,397
random_policy_GLM,11,24,1412,1404,8,2500,2100,400
random_policy_GLM,11,25,1312,1307,5,2600,2197,403
random_policy_GLM,11,26,1212,1208,4,2700,2296,404
random_policy_GLM,11,27,1112,1108,4,2800,2396,404
random_policy_GLM,11,28,1012,1009,3,2900,2495,405
random_policy_GLM,11,29,912,910,2,3000,2594,406
random_policy_GLM,11,30,812,810,2,3100,2694,406
random_policy_GLM,11,31,712,711,1,3200,2793,407
random_policy_GLM,11,32,612,611,1,3300,2893,407
random_policy_GLM,11,33,512,512,0,3400,2992,408
random_policy_GLM,11,34,412,412,0,3500,3092,408
random_policy_GLM,11,35,312,312,0,3600,3192,408
random_policy_GLM,11,36,212,212,0,3700,3292,408
random_policy_GLM,11,37,112,112,0,3800,3392,408
random_policy_GLM,11,38,12,12,0,3900,3492,408
random_policy_GLM,11,39,0,0,0,3912,3504,408
random_policy_GLM,12,0,3812,3429,383,100,83,17
random_policy_GLM,12,1,3712,3369,343,200,143,57
random_policy_GLM,12,2,3612,3290,322,300,222,78
random_policy_GLM,12,3,3512,3224,288,400,288,112
random_policy_GLM,12,4,3412,3157,255,500,355,145
random_policy_GLM,12,5,3312,3093,219,600,419,181
random_policy_GLM,12,6,3212,3021,191,700,491,209
random_policy_GLM,12,7,3112,2948,164,800,564,236
random_policy_GLM,12,8,3012,2884,128,900,628,272
random_policy_GLM,12,9,2912,2819,93,1000,693,307
random_policy_GLM,12,10,2812,2736,76,1100,776,324
random_policy_GLM,12,11,2712,2648,64,1200,864,336
random_policy_GLM,12,12,2612,2557,55,1300,955,345
random_policy_GLM,12,13,2512,2464,48,1400,1048,352
random_policy_GLM,12,14,2412,2371,41,1500,1141,359
random_policy_GLM,12,15,2312,2276,36,1600,1236,364
random_policy_GLM,12,16,2212,2184,28,1700,1328,372
random_policy_GLM,12,17,2112,2087,25,1800,1425,375
random_policy_GLM,12,18,2012,1991,21,1900,1521,379
random_policy_GLM,12,19,1912,1895,17,2000,1617,383
random_policy_GLM,12,20,1812,1798,14,2100,1714,386
random_policy_GLM,12,21,1712,1699,13,2200,1813,387
random_policy_GLM,12,22,1612,1601,11,2300,1911,389
random_policy_GLM,12,23,1512,1503,9,2400,2009,391
random_policy_GLM,12,24,1412,1406,6,2500,2106,394
random_policy_GLM,12,25,1312,1306,6,2600,2206,394
random_policy_GLM,12,26,1212,1208,4,2700,2304,396
random_policy_GLM,12,27,1112,1109,3,2800,2403,397
random_policy_GLM,12,28,1012,1011,1,2900,2501,399
random_policy_GLM,12,29,912,911,1,3000,2601,399
random_policy_GLM,12,30,812,812,0,3100,2700,400
random_policy_GLM,12,31,712,712,0,3200,2800,400
random_policy_GLM,12,32,612,612,0,3300,2900,400
random_policy_GLM,12,33,512,512,0,3400,3000,400
random_policy_GLM,12,34,412,412,0,3500,3100,400
random_policy_GLM,12,35,312,312,0,3600,3200,400
random_policy_GLM,12,36,212,212,0,3700,3300,400
random_policy_GLM,12,37,112,112,0,3800,3400,400
random_policy_GLM,12,38,12,12,0,3900,3500,400
random_policy_GLM,12,39,0,0,0,3912,3512,400
random_policy_GLM,13,0,3812,3427,385,100,90,10
random_policy_GLM,13,1,3712,3351,361,200,166,34
random_policy_GLM,13,2,3612,3300,312,300,217,83
random_policy_GLM,13,3,3512,3225,287,400,292,108
random_policy_GLM,13,4,3412,3158,254,500,359,141
random_policy_GLM,13,5,3312,3101,211,600,416,184
random_policy_GLM,13,6,3212,3034,178,700,483,217
random_policy_GLM,13,7,3112,2967,145,800,550,250
random_policy_GLM,13,8,3012,2892,120,900,625,275
random_policy_GLM,13,9,2912,2815,97,1000,702,298
random_policy_GLM,13,10,2812,2737,75,1100,780,320
random_policy_GLM,13,11,2712,2651,61,1200,866,334
random_policy_GLM,13,12,2612,2563,49,1300,954,346
random_policy_GLM,13,13,2512,2466,46,1400,1051,349
random_policy_GLM,13,14,2412,2373,39,1500,1144,356
random_policy_GLM,13,15,2312,2279,33,1600,1238,362
random_policy_GLM,13,16,2212,2185,27,1700,1332,368
random_policy_GLM,13,17,2112,2090,22,1800,1427,373
random_policy_GLM,13,18,2012,1995,17,1900,1522,378
random_policy_GLM,13,19,1912,1899,13,2000,1618,382
random_policy_GLM,13,20,1812,1800,12,2100,1717,383
random_policy_GLM,13,21,1712,1701,11,2200,1816,384
random_policy_GLM,13,22,1612,1601,11,2300,1916,384
random_policy_GLM,13,23,1512,1502,10,2400,2015,385
random_policy_GLM,13,24,1412,1403,9,2500,2114,386
random_policy_GLM,13,25,1312,1306,6,2600,2211,389
random_policy_GLM,13,26,1212,1209,3,2700,2308,392
random_policy_GLM,13,27,1112,1110,2,2800,2407,393
random_policy_GLM,13,28,1012,1010,2,2900,2507,393
random_policy_GLM,13,29,912,910,2,3000,2607,393
random_policy_GLM,13,30,812,810,2,3100,2707,393
random_policy_GLM,13,31,712,711,1,3200,2806,394
random_policy_GLM,13,32,612,611,1,3300,2906,394
random_policy_GLM,13,33,512,511,1,3400,3006,394
random_policy_GLM,13,34,412,412,0,3500,3105,395
random_policy_GLM,13,35,312,312,0,3600,3205,395
random_policy_GLM,13,36,212,212,0,3700,3305,395
random_policy_GLM,13,37,112,112,0,3800,3405,395
random_policy_GLM,13,38,12,12,0,3900,3505,395
random_policy_GLM,13,39,0,0,0,3912,3517,395
random_policy_GLM,14,0,3812,3414,398,100,87,13
random_policy_GLM,14,1,3712,3355,357,200,146,54
random_policy_GLM,14,2,3612,3279,333,300,222,78
random_policy_GLM,14,3,3512,3213,299,400,288,112
random_policy_GLM,14,4,3412,3141,271,500,360,140
random_policy_GLM,14,5,3312,3081,231,600,420,180
random_policy_GLM,14,6,3212,3012,200,700,489,211
random_policy_GLM,14,7,3112,2945,167,800,556,244
random_policy_GLM,14,8,3012,2871,141,900,630,270
random_policy_GLM,14,9,2912,2795,117,1000,706,294
random_policy_GLM,14,10,2812,2724,88,1100,777,323
random_policy_GLM,14,11,2712,2643,69,1200,858,342
random_policy_GLM,14,12,2612,2560,52,1300,941,359
random_policy_GLM,14,13,2512,2467,45,1400,1034,366
random_policy_GLM,14,14,2412,2373,39,1500,1128,372
random_policy_GLM,14,15,2312,2281,31,1600,1220,380
random_policy_GLM,14,16,2212,2186,26,1700,1315,385
random_policy_GLM,14,17,2112,2088,24,1800,1413,387
random_policy_GLM,14,18,2012,1992,20,1900,1509,391
random_policy_GLM,14,19,1912,1894,18,2000,1607,393
random_policy_GLM,14,20,1812,1797,15,2100,1704,396
random_policy_GLM,14,21,1712,1699,13,2200,1802,398
random_policy_GLM,14,22,1612,1602,10,2300,1899,401
random_policy_GLM,14,23,1512,1505,7,2400,1996,404
random_policy_GLM,14,24,1412,1406,6,2500,2095,405
random_policy_GLM,14,25,1312,1308,4,2600,2193,407
random_policy_GLM,14,26,1212,1209,3,2700,2292,408
random_policy_GLM,14,27,1112,1110,2,2800,2391,409
random_policy_GLM,14,28,1012,1010,2,2900,2491,409
random_policy_GLM,14,29,912,910,2,3000,2591,409
random_policy_GLM,14,30,812,810,2,3100,2691,409
random_policy_GLM,14,31,712,710,2,3200,2791,409
random_policy_GLM,14,32,612,610,2,3300,2891,409
random_policy_GLM,14,33,512,511,1,3400,2990,410
random_policy_GLM,14,34,412,412,0,3500,3089,411
random_policy_GLM,14,35,312,312,0,3600,3189,411
random_policy_GLM,14,36,212,212,0,3700,3289,411
random_policy_GLM,14,37,112,112,0,3800,3389,411
random_policy_GLM,14,38,12,12,0,3900,3489,411
random_policy_GLM,14,39,0,0,0,3912,3501,411
random_policy_GLM,15,0,3812,3411,401,100,88,12
random_policy_GLM,15,1,3712,3346,366,200,153,47
random_policy_GLM,15,2,3612,3273,339,300,226,74
random_policy_GLM,15,3,3512,3204,308,400,295,105
random_policy_GLM,15,4,3412,3131,281,500,368,132
random_policy_GLM,15,5,3312,3065,247,600,434,166
random_policy_GLM,15,6,3212,2997,215,700,502,198
random_policy_GLM,15,7,3112,2928,184,800,571,229
random_policy_GLM,15,8,3012,2857,155,900,642,258
random_policy_GLM,15,9,2912,2790,122,1000,709,291
random_policy_GLM,15,10,2812,2722,90,1100,777,323
random_policy_GLM,15,11,2712,2644,68,1200,855,345
random_policy_GLM,15,12,2612,2551,61,1300,948,352
random_policy_GLM,15,13,2512,2459,53,1400,1040,360
random_policy_GLM,15,14,2412,2368,44,1500,1131,369
random_policy_GLM,15,15,2312,2274,38,1600,1225,375
random_policy_GLM,15,16,2212,2178,34,1700,1321,379
random_policy_GLM,15,17,2112,2085,27,1800,1414,386
random_policy_GLM,15,18,2012,1993,19,1900,1506,394
random_policy_GLM,15,19,1912,1899,13,2000,1600,400
random_policy_GLM,15,20,1812,1800,12,2100,1699,401
random_policy_GLM,15,21,1712,1703,9,2200,1796,404
random_policy_GLM,15,22,1612,1604,8,2300,1895,405
random_policy_GLM,15,23,1512,1505,7,2400,1994,406
random_policy_GLM,15,24,1412,1406,6,2500,2093,407
random_policy_GLM,15,25,1312,1307,5,2600,2192,408
random_policy_GLM,15,26,1212,1208,4,2700,2291,409
random_policy_GLM,15,27,1112,1110,2,2800,2389,411
random_policy_GLM,15,28,1012,1012,0,2900,2487,413
random_policy_GLM,15,29,912,912,0,3000,2587,413
random_policy_GLM,15,30,812,812,0,3100,2687,413
random_policy_GLM,15,31,712,712,0,3200,2787,413
random_policy_GLM,15,32,612,612,0,3300,2887,413
random_policy_GLM,15,33,512,512,0,3400,2987,413
random_policy_GLM,15,34,412,412,0,3500,3087,413
random_policy_GLM,15,35,312,312,0,3600,3187,413
random_policy_GLM,15,36,212,212,0,3700,3287,413
random_policy_GLM,15,37,112,112,0,3800,3387,413
random_policy_GLM,15,38,12,12,0,3900,3487,413
random_policy_GLM,15,39,0,0,0,3912,3499,413
random_policy_GLM,16,0,3812,3417,395,100,93,7
random_policy_GLM,16,1,3712,3351,361,200,159,41
random_policy_GLM,16,2,3612,3293,319,300,217,83
random_policy_GLM,16,3,3512,3236,276,400,274,126
random_policy_GLM,16,4,3412,3172,240,500,338,162
random_policy_GLM,16,5,3312,3104,208,600,406,194
random_policy_GLM,16,6,3212,3031,181,700,479,221
random_policy_GLM,16,7,3112,2964,148,800,546,254
random_policy_GLM,16,8,3012,2894,118,900,616,284
random_policy_GLM,16,9,2912,2817,95,1000,693,307
random_policy_GLM,16,10,2812,2738,74,1100,772,328
random_policy_GLM,16,11,2712,2656,56,1200,854,346
random_policy_GLM,16,12,2612,2573,39,1300,937,363
random_policy_GLM,16,13,2512,2473,39,1400,1037,363
random_policy_GLM,16,14,2412,2379,33,1500,1131,369
random_policy_GLM,16,15,2312,2283,29,1600,1227,373
random_policy_GLM,16,16,2212,2186,26,1700,1324,376
random_policy_GLM,16,17,2112,2088,24,1800,1422,378
random_policy_GLM,16,18,2012,1989,23,1900,1521,379
random_policy_GLM,16,19,1912,1894,18,2000,1616,384
random_policy_GLM,16,20,1812,1798,14,2100,1712,388
random_policy_GLM,16,21,1712,1702,10,2200,1808,392
random_policy_GLM,16,22,1612,1603,9,2300,1907,393
random_policy_GLM,16,23,1512,1503,9,2400,2007,393
random_policy_GLM,16,24,1412,1406,6,2500,2104,396
random_policy_GLM,16,25,1312,1308,4,2600,2202,398
random_policy_GLM,16,26,1212,1210,2,2700,2300,400
random_policy_GLM,16,27,1112,1111,1,2800,2399,401
random_policy_GLM,16,28,1012,1011,1,2900,2499,401
random_policy_GLM,16,29,912,912,0,3000,2598,402
random_policy_GLM,16,30,812,812,0,3100,2698,402
random_policy_GLM,16,31,712,712,0,3200,2798,402
random_policy_GLM,16,32,612,612,0,3300,2898,402
random_policy_GLM,16,33,512,512,0,3400,2998,402
random_policy_GLM,16,34,412,412,0,3500,3098,402
random_policy_GLM,16,35,312,312,0,3600,3198,402
random_policy_GLM,16,36,212,212,0,3700,3298,402
random_policy_GLM,16,37,112,112,0,3800,3398,402
random_policy_GLM,16,38,12,12,0,3900,3498,402
random_policy_GLM,16,39,0,0,0,3912,3510,402
random_policy_GLM,17,0,3812,3410,402,100,92,8
random_policy_GLM,17,1,3712,3331,381,200,171,29
random_policy_GLM,17,2,3612,3264,348,300,238,62
random_policy_GLM,17,3,3512,3208,304,400,294,106
random_policy_GLM,17,4,3412,3144,268,500,358,142
random_policy_GLM,17,5,3312,3072,240,600,430,170
random_policy_GLM,17,6,3212,3008,204,700,494,206
random_policy_GLM,17,7,3112,2933,179,800,569,231
random_policy_GLM,17,8,3012,2868,144,900,634,266
random_policy_GLM,17,9,2912,2790,122,1000,712,288
random_policy_GLM,17,10,2812,2717,95,1100,785,315
random_policy_GLM,17,11,2712,2634,78,1200,868,332
random_policy_GLM,17,12,2612,2546,66,1300,956,344
random_policy_GLM,17,13,2512,2456,56,1400,1046,354
random_policy_GLM,17,14,2412,2363,49,1500,1139,361
random_policy_GLM,17,15,2312,2266,46,1600,1236,364
random_policy_GLM,17,16,2212,2172,40,1700,1330,370
random_policy_GLM,17,17,2112,2079,33,1800,1423,377
random_policy_GLM,17,18,2012,1986,26,1900,1516,384
random_policy_GLM,17,19,1912,1893,19,2000,1609,391
random_policy_GLM,17,20,1812,1798,14,2100,1704,396
random_policy_GLM,17,21,1712,1700,12,2200,1802,398
random_policy_GLM,17,22,1612,1602,10,2300,1900,400
random_policy_GLM,17,23,1512,1504,8,2400,1998,402
random_policy_GLM,17,24,1412,1406,6,2500,2096,404
random_policy_GLM,17,25,1312,1307,5,2600,2195,405
random_policy_GLM,17,26,1212,1209,3,2700,2293,407
random_policy_GLM,17,27,1112,1111,1,2800,2391,409
random_policy_GLM,17,28,1012,1011,1,2900,2491,409
random_policy_GLM,17,29,912,911,1,3000,2591,409
random_policy_GLM,17,30,812,811,1,3100,2691,409
random_policy_GLM,17,31,712,711,1,3200,2791,409
random_policy_GLM,17,32,612,612,0,3300,2890,410
random_policy_GLM,17,33,512,512,0,3400,2990,410
random_policy_GLM,17,34,412,412,0,3500,3090,410
random_policy_GLM,17,35,312,312,0,3600,3190,410
random_policy_GLM,17,36,212,212,0,3700,3290,410
random_policy_GLM,17,37,112,112,0,3800,3390,410
random_policy_GLM,17,38,12,12,0,3900,3490,410
random_policy_GLM,17,39,0,0,0,3912,3502,410
random_policy_GLM,18,0,3812,3418,394,100,89,11
random_policy_GLM,18,1,3712,3339,373,200,168,32
random_policy_GLM,18,2,3612,3272,340,300,235,65
random_policy_GLM,18,3,3512,3209,303,400,298,102
random_policy_GLM,18,4,3412,3153,259,500,354,146
random_policy_GLM,18,5,3312,3085,227,600,422,178
random_policy_GLM,18,6,3212,3010,202,700,497,203
random_policy_GLM,18,7,3112,2941,171,800,566,234
random_policy_GLM,18,8,3012,2866,146,900,641,259
random_policy_GLM,18,9,2912,2790,122,1000,717,283
random_policy_GLM,18,10,2812,2708,104,1100,799,301
random_policy_GLM,18,11,2712,2617,95,1200,890,310
random_policy_GLM,18,12,2612,2527,85,1300,980,320
random_policy_GLM,18,13,2512,2438,74,1400,1069,331
random_policy_GLM,18,14,2412,2346,66,1500,1161,339
random_policy_GLM,18,15,2312,2253,59,1600,1254,346
random_policy_GLM,18,16,2212,2164,48,1700,1343,357
random_policy_GLM,18,17,2112,2071,41,1800,1436,364
random_policy_GLM,18,18,2012,1977,35,1900,1530,370
random_policy_GLM,18,19,1912,1878,34,2000,1629,371
random_policy_GLM,18,20,1812,1783,29,2100,1724,376
random_policy_GLM,18,21,1712,1690,22,2200,1817,383
random_policy_GLM,18,22,1612,1596,16,2300,1911,389
random_policy_GLM,18,23,1512,1504,8,2400,2003,397
random_policy_GLM,18,24,1412,1408,4,2500,2099,401
random_policy_GLM,18,25,1312,1311,1,2600,2196,404
random_policy_GLM,18,26,1212,1212,0,2700,2295,405
random_policy_GLM,18,27,1112,1112,0,2800,2395,405
random_policy_GLM,18,28,1012,1012,0,2900,2495,405
random_policy_GLM,18,29,912,912,0,3000,2595,405
random_policy_GLM,18,30,812,812,0,3100,2695,405
random_policy_GLM,18,31,712,712,0,3200,2795,405
random_policy_GLM,18,32,612,612,0,3300,2895,405
random_policy_GLM,18,33,512,512,0,3400,2995,405
random_policy_GLM,18,34,412,412,0,3500,3095,405
random_policy_GLM,18,35,312,312,0,3600,3195,405
random_policy_GLM,18,36,212,212,0,3700,3295,405
random_policy_GLM,18,37,112,112,0,3800,3395,405
random_policy_GLM,18,38,12,12,0,3900,3495,405
random_policy_GLM,18,39,0,0,0,3912,3507,405
random_policy_GLM,19,0,3812,3396,416,100,94,6
random_policy_GLM,19,1,3712,3338,374,200,152,48
random_policy_GLM,19,2,3612,3273,339,300,217,83
random_policy_GLM,19,3,3512,3205,307,400,285,115
random_policy_GLM,19,4,3412,3135,277,500,355,145
random_policy_GLM,19,5,3312,3073,239,600,417,183
random_policy_GLM,19,6,3212,3005,207,700,485,215
random_policy_GLM,19,7,3112,2938,174,800,552,248
random_policy_GLM,19,8,3012,2869,143,900,621,279
random_policy_GLM,19,9,2912,2798,114,1000,692,308
random_policy_GLM,19,10,2812,2718,94,1100,772,328
random_policy_GLM,19,11,2712,2638,74,1200,852,348
random_policy_GLM,19,12,2612,2547,65,1300,943,357
random_policy_GLM,19,13,2512,2454,58,1400,1036,364
random_policy_GLM,19,14,2412,2365,47,1500,1125,375
random_policy_GLM,19,15,2312,2272,40,1600,1218,382
random_policy_GLM,19,16,2212,2182,30,1700,1308,392
random_policy_GLM,19,17,2112,2084,28,1800,1406,394
random_policy_GLM,19,18,2012,1989,23,1900,1501,399
random_policy_GLM,19,19,1912,1893,19,2000,1597,403
random_policy_GLM,19,20,1812,1794,18,2100,1696,404
random_policy_GLM,19,21,1712,1699,13,2200,1791,409
random_policy_GLM,19,22,1612,1602,10,2300,1888,412
random_policy_GLM,19,23,1512,1505,7,2400,1985,415
random_policy_GLM,19,24,1412,1406,6,2500,2084,416
random_policy_GLM,19,25,1312,1307,5,2600,2183,417
random_policy_GLM,19,26,1212,1208,4,2700,2282,418
random_policy_GLM,19,27,1112,1108,4,2800,2382,418
random_policy_GLM,19,28,1012,1008,4,2900,2482,418
random_policy_GLM,19,29,912,910,2,3000,2580,420
random_policy_GLM,19,30,812,810,2,3100,2680,420
random_policy_GLM,19,31,712,710,2,3200,2780,420
random_policy_GLM,19,32,612,612,0,3300,2878,422
random_policy_GLM,19,33,512,512,0,3400,2978,422
random_policy_GLM,19,34,412,412,0,3500,3078,422
random_policy_GLM,19,35,312,312,0,3600,3178,422
random_policy_GLM,19,36,212,212,0,3700,3278,422
random_policy_GLM,19,37,112,112,0,3800,3378,422
random_policy_GLM,19,38,12,12,0,3900,3478,422
random_policy_GLM,19,39,0,0,0,3912,3490,422
random_policy_GLM,20,0,3812,3410,402,100,86,14
random_policy_GLM,20,1,3712,3346,366,200,150,50
random_policy_GLM,20,2,3612,3280,332,300,216,84
random_policy_GLM,20,3,3512,3210,302,400,286,114
random_policy_GLM,20,4,3412,3140,272,500,356,144
random_policy_GLM,20,5,3312,3075,237,600,421,179
random_policy_GLM,20,6,3212,3007,205,700,489,211
random_policy_GLM,20,7,3112,2937,175,800,559,241
random_policy_GLM,20,8,3012,2867,145,900,629,271
random_policy_GLM,20,9,2912,2795,117,1000,701,299
random_policy_GLM,20,10,2812,2717,95,1100,779,321
random_policy_GLM,20,11,2712,2643,69,1200,853,347
random_policy_GLM,20,12,2612,2554,58,1300,942,358
random_policy_GLM,20,13,2512,2465,47,1400,1031,369
random_policy_GLM,20,14,2412,2370,42,1500,1126,374
random_policy_GLM,20,15,2312,2279,33,1600,1217,383
random_policy_GLM,20,16,2212,2186,26,1700,1310,390
random_policy_GLM,20,17,2112,2089,23,1800,1407,393
random_policy_GLM,20,18,2012,1995,17,1900,1501,399
random_policy_GLM,20,19,1912,1899,13,2000,1597,403
random_policy_GLM,20,20,1812,1803,9,2100,1693,407
random_policy_GLM,20,21,1712,1704,8,2200,1792,408
random_policy_GLM,20,22,1612,1605,7,2300,1891,409
random_policy_GLM,20,23,1512,1506,6,2400,1990,410
random_policy_GLM,20,24,1412,1407,5,2500,2089,411
random_policy_GLM,20,25,1312,1307,5,2600,2189,411
random_policy_GLM,20,26,1212,1208,4,2700,2288,412
random_policy_GLM,20,27,1112,1108,4,2800,2388,412
random_policy_GLM,20,28,1012,1008,4,2900,2488,412
random_policy_GLM,20,29,912,909,3,3000,2587,413
random_policy_GLM,20,30,812,811,1,3100,2685,415
random_policy_GLM,20,31,712,711,1,3200,2785,415
random_policy_GLM,20,32,612,612,0,3300,2884,416
random_policy_GLM,20,33,512,512,0,3400,2984,416
random_policy_GLM,20,34,412,412,0,3500,3084,416
random_policy_GLM,20,35,312,312,0,3600,3184,416
random_policy_GLM,20,36,212,212,0,3700,3284,416
random_policy_GLM,20,37,112,112,0,3800,3384,416
random_policy_GLM,20,38,12,12,0,3900,3484,416
random_policy_GLM,20,39,0,0,0,3912,3496,416
max_tuv_GLM,1,0,3812,3438,374,100,92,8
max_tuv_GLM,1,1,3712,3397,315,200,133,67
max_tuv_GLM,1,2,3612,3327,285,300,203,97
max_tuv_GLM,1,3,3512,3256,256,400,274,126
max_tuv_GLM,1,4,3412,3205,207,500,325,175
max_tuv_GLM,1,5,3312,3148,164,600,382,218
max_tuv_GLM,1,6,3212,3088,124,700,442,258
max_tuv_GLM,1,7,3112,3020,92,800,510,290
max_tuv_GLM,1,8,3012,2938,74,900,592,308
max_tuv_GLM,1,9,2912,2848,64,1000,682,318
max_tuv_GLM,1,10,2812,2765,47,1100,765,335
max_tuv_GLM,1,11,2712,2678,34,1200,852,348
max_tuv_GLM,1,12,2612,2579,33,1300,951,349
max_tuv_GLM,1,13,2512,2481,31,1400,1049,351
max_tuv_GLM,1,14,2412,2388,24,1500,1142,358
max_tuv_GLM,1,15,2312,2294,18,1600,1236,364
max_tuv_GLM,1,16,2212,2198,14,1700,1332,368
max_tuv_GLM,1,17,2112,2100,12,1800,1430,370
max_tuv_GLM,1,18,2012,2001,11,1900,1529,371
max_tuv_GLM,1,19,1912,1904,8,2000,1626,374
max_tuv_GLM,1,20,1812,1805,7,2100,1725,375
max_tuv_GLM,1,21,1712,1705,7,2200,1825,375
max_tuv_GLM,1,22,1612,1606,6,2300,1924,376
max_tuv_GLM,1,23,1512,1507,5,2400,2023,377
max_tuv_GLM,1,24,1412,1407,5,2500,2123,377
max_tuv_GLM,1,25,1312,1308,4,2600,2222,378
max_tuv_GLM,1,26,1212,1209,3,2700,2321,379
max_tuv_GLM,1,27,1112,1109,3,2800,2421,379
max_tuv_GLM,1,28,1012,1009,3,2900,2521,379
max_tuv_GLM,1,29,912,910,2,3000,2620,380
max_tuv_GLM,1,30,812,810,2,3100,2720,380
max_tuv_GLM,1,31,712,710,2,3200,2820,380
max_tuv_GLM,1,32,612,610,2,3300,2920,380
max_tuv_GLM,1,33,512,511,1,3400,3019,381
max_tuv_GLM,1,34,412,412,0,3500,3118,382
max_tuv_GLM,1,35,312,312,0,3600,3218,382
max_tuv_GLM,1,36,212,212,0,3700,3318,382
max_tuv_GLM,1,37,112,112,0,3800,3418,382
max_tuv_GLM,1,38,12,12,0,3900,3518,382
max_tuv_GLM,1,39,0,0,0,3912,3530,382
max_tuv_GLM,2,0,3812,3426,386,100,87,13
max_tuv_GLM,2,1,3712,3367,345,200,146,54
max_tuv_GLM,2,2,3612,3312,300,300,201,99
max_tuv_GLM,2,3,3512,3257,255,400,256,144
max_tuv_GLM,2,4,3412,3207,205,500,306,194
max_tuv_GLM,2,5,3312,3154,158,600,359,241
max_tuv_GLM,2,6,3212,3091,121,700,422,278
max_tuv_GLM,2,7,3112,3018,94,800,495,305
max_tuv_GLM,2,8,3012,2936,76,900,577,323
max_tuv_GLM,2,9,2912,2849,63,1000,664,336
max_tuv_GLM,2,10,2812,2757,55,1100,756,344
max_tuv_GLM,2,11,2712,2668,44,1200,845,355
max_tuv_GLM,2,12,2612,2577,35,1300,936,364
max_tuv_GLM,2,13,2512,2480,32,1400,1033,367
max_tuv_GLM,2,14,2412,2386,26,1500,1127,373
max_tuv_GLM,2,15,2312,2289,23,1600,1224,376
max_tuv_GLM,2,16,2212,2193,19,1700,1320,380
max_tuv_GLM,2,17,2112,2094,18,1800,1419,381
max_tuv_GLM,2,18,2012,1997,15,1900,1516,384
max_tuv_GLM,2,19,1912,1897,15,2000,1616,384
max_tuv_GLM,2,20,1812,1802,10,2100,1711,389
max_tuv_GLM,2,21,1712,1702,10,2200,1811,389
max_tuv_GLM,2,22,1612,1606,6,2300,1907,393
max_tuv_GLM,2,23,1512,1506,6,2400,2007,393
max_tuv_GLM,2,24,1412,1406,6,2500,2107,393
max_tuv_GLM,2,25,1312,1306,6,2600,2207,393
max_tuv_GLM,2,26,1212,1206,6,2700,2307,393
max_tuv_GLM,2,27,1112,1107,5,2800,2406,394
max_tuv_GLM,2,28,1012,1007,5,2900,2506,394
max_tuv_GLM,2,29,912,907,5,3000,2606,394
max_tuv_GLM,2,30,812,809,3,3100,2704,396
max_tuv_GLM,2,31,712,709,3,3200,2804,396
max_tuv_GLM,2,32,612,610,2,3300,2903,397
max_tuv_GLM,2,33,512,510,2,3400,3003,397
max_tuv_GLM,2,34,412,412,0,3500,3101,399
max_tuv_GLM,2,35,312,312,0,3600,3201,399
max_tuv_GLM,2,36,212,212,0,3700,3301,399
max_tuv_GLM,2,37,112,112,0,3800,3401,399
max_tuv_GLM,2,38,12,12,0,3900,3501,399
max_tuv_GLM,2,39,0,0,0,3912,3513,399
max_tuv_GLM,3,0,3812,3422,390,100,84,16
max_tuv_GLM,3,1,3712,3376,336,200,130,70
max_tuv_GLM,3,2,3612,3317,295,300,189,111
max_tuv_GLM,3,3,3512,3262,250,400,244,156
max_tuv_GLM,3,4,3412,3204,208,500,302,198
max_tuv_GLM,3,5,3312,3145,167,600,361,239
max_tuv_GLM,3,6,3212,3083,129,700,423,277
max_tuv_GLM,3,7,3112,2998,114,800,508,292
max_tuv_GLM,3,8,3012,2926,86,900,580,320
max_tuv_GLM,3,9,2912,2836,76,1000,670,330
max_tuv_GLM,3,10,2812,2746,66,1100,760,340
max_tuv_GLM,3,11,2712,2654,58,1200,852,348
max_tuv_GLM,3,12,2612,2559,53,1300,947,353
max_tuv_GLM,3,13,2512,2465,47,1400,1041,359
max_tuv_GLM,3,14,2412,2372,40,1500,1134,366
max_tuv_GLM,3,15,2312,2277,35,1600,1229,371
max_tuv_GLM,3,16,2212,2182,30,1700,1324,376
max_tuv_GLM,3,17,2112,2090,22,1800,1416,384
max_tuv_GLM,3,18,2012,1992,20,1900,1514,386
max_tuv_GLM,3,19,1912,1895,17,2000,1611,389
max_tuv_GLM,3,20,1812,1801,11,2100,1705,395
max_tuv_GLM,3,21,1712,1702,10,2200,1804,396
max_tuv_GLM,3,22,1612,1605,7,2300,1901,399
max_tuv_GLM,3,23,1512,1506,6,2400,2000,400
max_tuv_GLM,3,24,1412,1408,4,2500,2098,402
max_tuv_GLM,3,25,1312,1308,4,2600,2198,402
max_tuv_GLM,3,26,1212,1208,4,2700,2298,402
max_tuv_GLM,3,27,1112,1108,4,2800,2398,402
max_tuv_GLM,3,28,1012,1009,3,2900,2497,403
max_tuv_GLM,3,29,912,909,3,3000,2597,403
max_tuv_GLM,3,30,812,809,3,3100,2697,403
max_tuv_GLM,3,31,712,709,3,3200,2797,403
max_tuv_GLM,3,32,612,609,3,3300,2897,403
max_tuv_GLM,3,33,512,510,2,3400,2996,404
max_tuv_GLM,3,34,412,411,1,3500,3095,405
max_tuv_GLM,3,35,312,312,0,3600,3194,406
max_tuv_GLM,3,36,212,212,0,3700,3294,406
max_tuv_GLM,3,37,112,112,0,3800,3394,406
max_tuv_GLM,3,38,12,12,0,3900,3494,406
max_tuv_GLM,3,39,0,0,0,3912,3506,406
max_tuv_GLM,4,0,3812,3425,387,100,91,9
max_tuv_GLM,4,1,3712,3388,324,200,128,72
max_tuv_GLM,4,2,3612,3324,288,300,192,108
max_tuv_GLM,4,3,3512,3273,239,400,243,157
max_tuv_GLM,4,4,3412,3211,201,500,305,195
max_tuv_GLM,4,5,3312,3155,157,600,361,239
max_tuv_GLM,4,6,3212,3080,132,700,436,264
max_tuv_GLM,4,7,3112,3001,111,800,515,285
max_tuv_GLM,4,8,3012,2919,93,900,597,303
max_tuv_GLM,4,9,2912,2830,82,1000,686,314
max_tuv_GLM,4,10,2812,2736,76,1100,780,320
max_tuv_GLM,4,11,2712,2655,57,1200,861,339
max_tuv_GLM,4,12,2612,2564,48,1300,952,348
max_tuv_GLM,4,13,2512,2474,38,1400,1042,358
max_tuv_GLM,4,14,2412,2380,32,1500,1136,364
max_tuv_GLM,4,15,2312,2281,31,1600,1235,365
max_tuv_GLM,4,16,2212,2187,25,1700,1329,371
max_tuv_GLM,4,17,2112,2090,22,1800,1426,374
max_tuv_GLM,4,18,2012,1999,13,1900,1517,383
max_tuv_GLM,4,19,1912,1901,11,2000,1615,385
max_tuv_GLM,4,20,1812,1802,10,2100,1714,386
max_tuv_GLM,4,21,1712,1703,9,2200,1813,387
max_tuv_GLM,4,22,1612,1605,7,2300,1911,389
max_tuv_GLM,4,23,1512,1505,7,2400,2011,389
max_tuv_GLM,4,24,1412,1405,7,2500,2111,389
max_tuv_GLM,4,25,1312,1305,7,2600,2211,389
max_tuv_GLM,4,26,1212,1206,6,2700,2310,390
max_tuv_GLM,4,27,1112,1106,6,2800,2410,390
max_tuv_GLM,4,28,1012,1006,6,2900,2510,390
max_tuv_GLM,4,29,912,906,6,3000,2610,390
max_tuv_GLM,4,30,812,807,5,3100,2709,391
max_tuv_GLM,4,31,712,708,4,3200,2808,392
max_tuv_GLM,4,32,612,609,3,3300,2907,393
max_tuv_GLM,4,33,512,510,2,3400,3006,394
max_tuv_GLM,4,34,412,411,1,3500,3105,395
max_tuv_GLM,4,35,312,312,0,3600,3204,396
max_tuv_GLM,4,36,212,212,0,3700,3304,396
max_tuv_GLM,4,37,112,112,0,3800,3404,396
max_tuv_GLM,4,38,12,12,0,3900,3504,396
max_tuv_GLM,4,39,0,0,0,3912,3516,396
max_tuv_GLM,5,0,3812,3412,400,100,88,12
max_tuv_GLM,5,1,3712,3388,324,200,112,88
max_tuv_GLM,5,2,3612,3316,296,300,184,116
max_tuv_GLM,5,3,3512,3263,249,400,237,163
max_tuv_GLM,5,4,3412,3200,212,500,300,200
max_tuv_GLM,5,5,3312,3148,164,600,352,248
max_tuv_GLM,5,6,3212,3095,117,700,405,295
max_tuv_GLM,5,7,3112,3022,90,800,478,322
max_tuv_GLM,5,8,3012,2939,73,900,561,339
max_tuv_GLM,5,9,2912,2848,64,1000,652,348
max_tuv_GLM,5,10,2812,2761,51,1100,739,361
max_tuv_GLM,5,11,2712,2663,49,1200,837,363
max_tuv_GLM,5,12,2612,2569,43,1300,931,369
max_tuv_GLM,5,13,2512,2473,39,1400,1027,373
max_tuv_GLM,5,14,2412,2375,37,1500,1125,375
max_tuv_GLM,5,15,2312,2281,31,1600,1219,381
max_tuv_GLM,5,16,2212,2190,22,1700,1310,390
max_tuv_GLM,5,17,2112,2098,14,1800,1402,398
max_tuv_GLM,5,18,2012,2000,12,1900,1500,400
max_tuv_GLM,5,19,1912,1902,10,2000,1598,402
max_tuv_GLM,5,20,1812,1802,10,2100,1698,402
max_tuv_GLM,5,21,1712,1703,9,2200,1797,403
max_tuv_GLM,5,22,1612,1604,8,2300,1896,404
max_tuv_GLM,5,23,1512,1506,6,2400,1994,406
max_tuv_GLM,5,24,1412,1406,6,2500,2094,406
max_tuv_GLM,5,25,1312,1308,4,2600,2192,408
max_tuv_GLM,5,26,1212,1209,3,2700,2291,409
max_tuv_GLM,5,27,1112,1110,2,2800,2390,410
max_tuv_GLM,5,28,1012,1010,2,2900,2490,410
max_tuv_GLM,5,29,912,910,2,3000,2590,410
max_tuv_GLM,5,30,812,810,2,3100,2690,410
max_tuv_GLM,5,31,712,710,2,3200,2790,410
max_tuv_GLM,5,32,612,610,2,3300,2890,410
max_tuv_GLM,5,33,512,510,2,3400,2990,410
max_tuv_GLM,5,34,412,412,0,3500,3088,412
max_tuv_GLM,5,35,312,312,0,3600,3188,412
max_tuv_GLM,5,36,212,212,0,3700,3288,412
max_tuv_GLM,5,37,112,112,0,3800,3388,412
max_tuv_GLM,5,38,12,12,0,3900,3488,412
max_tuv_GLM,5,39,0,0,0,3912,3500,412
max_tuv_GLM,6,0,3812,3396,416,100,91,9
max_tuv_GLM,6,1,3712,3361,351,200,126,74
max_tuv_GLM,6,2,3612,3301,311,300,186,114
max_tuv_GLM,6,3,3512,3246,266,400,241,159
max_tuv_GLM,6,4,3412,3183,229,500,304,196
max_tuv_GLM,6,5,3312,3134,178,600,353,247
max_tuv_GLM,6,6,3212,3079,133,700,408,292
max_tuv_GLM,6,7,3112,3002,110,800,485,315
max_tuv_GLM,6,8,3012,2928,84,900,559,341
max_tuv_GLM,6,9,2912,2838,74,1000,649,351
max_tuv_GLM,6,10,2812,2754,58,1100,733,367
max_tuv_GLM,6,11,2712,2662,50,1200,825,375
max_tuv_GLM,6,12,2612,2568,44,1300,919,381
max_tuv_GLM,6,13,2512,2474,38,1400,1013,387
max_tuv_GLM,6,14,2412,2378,34,1500,1109,391
max_tuv_GLM,6,15,2312,2281,31,1600,1206,394
max_tuv_GLM,6,16,2212,2185,27,1700,1302,398
max_tuv_GLM,6,17,2112,2096,16,1800,1391,409
max_tuv_GLM,6,18,2012,1999,13,1900,1488,412
max_tuv_GLM,6,19,1912,1900,12,2000,1587,413
max_tuv_GLM,6,20,1812,1801,11,2100,1686,414
max_tuv_GLM,6,21,1712,1704,8,2200,1783,417
max_tuv_GLM,6,22,1612,1605,7,2300,1882,418
max_tuv_GLM,6,23,1512,1505,7,2400,1982,418
max_tuv_GLM,6,24,1412,1406,6,2500,2081,419
max_tuv_GLM,6,25,1312,1307,5,2600,2180,420
max_tuv_GLM,6,26,1212,1207,5,2700,2280,420
max_tuv_GLM,6,27,1112,1108,4,2800,2379,421
max_tuv_GLM,6,28,1012,1008,4,2900,2479,421
max_tuv_GLM,6,29,912,908,4,3000,2579,421
max_tuv_GLM,6,30,812,808,4,3100,2679,421
max_tuv_GLM,6,31,712,708,4,3200,2779,421
max_tuv_GLM,6,32,612,610,2,3300,2877,423
max_tuv_GLM,6,33,512,510,2,3400,2977,423
max_tuv_GLM,6,34,412,411,1,3500,3076,424
max_tuv_GLM,6,35,312,312,0,3600,3175,425
max_tuv_GLM,6,36,212,212,0,3700,3275,425
max_tuv_GLM,6,37,112,112,0,3800,3375,425
max_tuv_GLM,6,38,12,12,0,3900,3475,425
max_tuv_GLM,6,39,0,0,0,3912,3487,425
max_tuv_GLM,7,0,3812,3423,389,100,95,5
max_tuv_GLM,7,1,3712,3369,343,200,149,51
max_tuv_GLM,7,2,3612,3318,294,300,200,100
max_tuv_GLM,7,3,3512,3260,252,400,258,142
max_tuv_GLM,7,4,3412,3192,220,500,326,174
max_tuv_GLM,7,5,3312,3138,174,600,380,220
max_tuv_GLM,7,6,3212,3073,139,700,445,255
max_tuv_GLM,7,7,3112,3012,100,800,506,294
max_tuv_GLM,7,8,3012,2927,85,900,591,309
max_tuv_GLM,7,9,2912,2839,73,1000,679,321
max_tuv_GLM,7,10,2812,2741,71,1100,777,323
max_tuv_GLM,7,11,2712,2667,45,1200,851,349
max_tuv_GLM,7,12,2612,2576,36,1300,942,358
max_tuv_GLM,7,13,2512,2478,34,1400,1040,360
max_tuv_GLM,7,14,2412,2378,34,1500,1140,360
max_tuv_GLM,7,15,2312,2287,25,1600,1231,369
max_tuv_GLM,7,16,2212,2196,16,1700,1322,378
max_tuv_GLM,7,17,2112,2102,10,1800,1416,384
max_tuv_GLM,7,18,2012,2003,9,1900,1515,385
max_tuv_GLM,7,19,1912,1904,8,2000,1614,386
max_tuv_GLM,7,20,1812,1804,8,2100,1714,386
max_tuv_GLM,7,21,1712,1704,8,2200,1814,386
max_tuv_GLM,7,22,1612,1605,7,2300,1913,387
max_tuv_GLM,7,23,1512,1507,5,2400,2011,389
max_tuv_GLM,7,24,1412,1407,5,2500,2111,389
max_tuv_GLM,7,25,1312,1307,5,2600,2211,389
max_tuv_GLM,7,26,1212,1207,5,2700,2311,389
max_tuv_GLM,7,27,1112,1107,5,2800,2411,389
max_tuv_GLM,7,28,1012,1007,5,2900,2511,389
max_tuv_GLM,7,29,912,907,5,3000,2611,389
max_tuv_GLM,7,30,812,808,4,3100,2710,390
max_tuv_GLM,7,31,712,708,4,3200,2810,390
max_tuv_GLM,7,32,612,610,2,3300,2908,392
max_tuv_GLM,7,33,512,511,1,3400,3007,393
max_tuv_GLM,7,34,412,412,0,3500,3106,394
max_tuv_GLM,7,35,312,312,0,3600,3206,394
max_tuv_GLM,7,36,212,212,0,3700,3306,394
max_tuv_GLM,7,37,112,112,0,3800,3406,394
max_tuv_GLM,7,38,12,12,0,3900,3506,394
max_tuv_GLM,7,39,0,0,0,3912,3518,394
max_tuv_GLM,8,0,3812,3428,384,100,89,11
max_tuv_GLM,8,1,3712,3401,311,200,116,84
max_tuv_GLM,8,2,3612,3340,272,300,177,123
max_tuv_GLM,8,3,3512,3292,220,400,225,175
max_tuv_GLM,8,4,3412,3232,180,500,285,215
max_tuv_GLM,8,5,3312,3183,129,600,334,266
max_tuv_GLM,8,6,3212,3100,112,700,417,283
max_tuv_GLM,8,7,3112,3026,86,800,491,309
max_tuv_GLM,8,8,3012,2943,69,900,574,326
max_tuv_GLM,8,9,2912,2846,66,1000,671,329
max_tuv_GLM,8,10,2812,2754,58,1100,763,337
max_tuv_GLM,8,11,2712,2669,43,1200,848,352
max_tuv_GLM,8,12,2612,2576,36,1300,941,359
max_tuv_GLM,8,13,2512,2479,33,1400,1038,362
max_tuv_GLM,8,14,2412,2383,29,1500,1134,366
max_tuv_GLM,8,15,2312,2293,19,1600,1224,376
max_tuv_GLM,8,16,2212,2199,13,1700,1318,382
max_tuv_GLM,8,17,2112,2099,13,1800,1418,382
max_tuv_GLM,8,18,2012,2000,12,1900,1517,383
max_tuv_GLM,8,19,1912,1904,8,2000,1613,387
max_tuv_GLM,8,20,1812,1805,7,2100,1712,388
max_tuv_GLM,8,21,1712,1705,7,2200,1812,388
max_tuv_GLM,8,22,1612,1606,6,2300,1911,389
max_tuv_GLM,8,23,1512,1507,5,2400,2010,390
max_tuv_GLM,8,24,1412,1408,4,2500,2109,391
max_tuv_GLM,8,25,1312,1308,4,2600,2209,391
max_tuv_GLM,8,26,1212,1208,4,2700,2309,391
max_tuv_GLM,8,27,1112,1108,4,2800,2409,391
max_tuv_GLM,8,28,1012,1009,3,2900,2508,392
max_tuv_GLM,8,29,912,909,3,3000,2608,392
max_tuv_GLM,8,30,812,809,3,3100,2708,392
max_tuv_GLM,8,31,712,710,2,3200,2807,393
max_tuv_GLM,8,32,612,610,2,3300,2907,393
max_tuv_GLM,8,33,512,511,1,3400,3006,394
max_tuv_GLM,8,34,412,412,0,3500,3105,395
max_tuv_GLM,8,35,312,312,0,3600,3205,395
max_tuv_GLM,8,36,212,212,0,3700,3305,395
max_tuv_GLM,8,37,112,112,0,3800,3405,395
max_tuv_GLM,8,38,12,12,0,3900,3505,395
max_tuv_GLM,8,39,0,0,0,3912,3517,395
max_tuv_GLM,9,0,3812,3417,395,100,91,9
max_tuv_GLM,9,1,3712,3391,321,200,117,83
max_tuv_GLM,9,2,3612,3338,274,300,170,130
max_tuv_GLM,9,3,3512,3272,240,400,236,164
max_tuv_GLM,9,4,3412,3222,190,500,286,214
max_tuv_GLM,9,5,3312,3173,139,600,335,265
max_tuv_GLM,9,6,3212,3106,106,700,402,298
max_tuv_GLM,9,7,3112,3033,79,800,475,325
max_tuv_GLM,9,8,3012,2942,70,900,566,334
max_tuv_GLM,9,9,2912,2852,60,1000,656,344
max_tuv_GLM,9,10,2812,2755,57,1100,753,347
max_tuv_GLM,9,11,2712,2670,42,1200,838,362
max_tuv_GLM,9,12,2612,2576,36,1300,932,368
max_tuv_GLM,9,13,2512,2478,34,1400,1030,370
max_tuv_GLM,9,14,2412,2382,30,1500,1126,374
max_tuv_GLM,9,15,2312,2286,26,1600,1222,378
max_tuv_GLM,9,16,2212,2195,17,1700,1313,387
max_tuv_GLM,9,17,2112,2098,14,1800,1410,390
max_tuv_GLM,9,18,2012,2000,12,1900,1508,392
max_tuv_GLM,9,19,1912,1900,12,2000,1608,392
max_tuv_GLM,9,20,1812,1800,12,2100,1708,392
max_tuv_GLM,9,21,1712,1704,8,2200,1804,396
max_tuv_GLM,9,22,1612,1604,8,2300,1904,396
max_tuv_GLM,9,23,1512,1504,8,2400,2004,396
max_tuv_GLM,9,24,1412,1404,8,2500,2104,396
max_tuv_GLM,9,25,1312,1306,6,2600,2202,398
max_tuv_GLM,9,26,1212,1206,6,2700,2302,398
max_tuv_GLM,9,27,1112,1106,6,2800,2402,398
max_tuv_GLM,9,28,1012,1006,6,2900,2502,398
max_tuv_GLM,9,29,912,907,5,3000,2601,399
max_tuv_GLM,9,30,812,808,4,3100,2700,400
max_tuv_GLM,9,31,712,708,4,3200,2800,400
max_tuv_GLM,9,32,612,609,3,3300,2899,401
max_tuv_GLM,9,33,512,509,3,3400,2999,401
max_tuv_GLM,9,34,412,409,3,3500,3099,401
max_tuv_GLM,9,35,312,312,0,3600,3196,404
max_tuv_GLM,9,36,212,212,0,3700,3296,404
max_tuv_GLM,9,37,112,112,0,3800,3396,404
max_tuv_GLM,9,38,12,12,0,3900,3496,404
max_tuv_GLM,9,39,0,0,0,3912,3508,404
max_tuv_GLM,10,0,3812,3411,401,100,89,11
max_tuv_GLM,10,1,3712,3391,321,200,109,91
max_tuv_GLM,10,2,3612,3333,279,300,167,133
max_tuv_GLM,10,3,3512,3270,242,400,230,170
max_tuv_GLM,10,4,3412,3217,195,500,283,217
max_tuv_GLM,10,5,3312,3148,164,600,352,248
max_tuv_GLM,10,6,3212,3075,137,700,425,275
max_tuv_GLM,10,7,3112,3017,95,800,483,317
max_tuv_GLM,10,8,3012,2940,72,900,560,340
max_tuv_GLM,10,9,2912,2851,61,1000,649,351
max_tuv_GLM,10,10,2812,2755,57,1100,745,355
max_tuv_GLM,10,11,2712,2656,56,1200,844,356
max_tuv_GLM,10,12,2612,2561,51,1300,939,361
max_tuv_GLM,10,13,2512,2467,45,1400,1033,367
max_tuv_GLM,10,14,2412,2376,36,1500,1124,376
max_tuv_GLM,10,15,2312,2284,28,1600,1216,384
max_tuv_GLM,10,16,2212,2185,27,1700,1315,385
max_tuv_GLM,10,17,2112,2087,25,1800,1413,387
max_tuv_GLM,10,18,2012,1992,20,1900,1508,392
max_tuv_GLM,10,19,1912,1896,16,2000,1604,396
max_tuv_GLM,10,20,1812,1801,11,2100,1699,401
max_tuv_GLM,10,21,1712,1701,11,2200,1799,401
max_tuv_GLM,10,22,1612,1603,9,2300,1897,403
max_tuv_GLM,10,23,1512,1504,8,2400,1996,404
max_tuv_GLM,10,24,1412,1404,8,2500,2096,404
max_tuv_GLM,10,25,1312,1304,8,2600,2196,404
max_tuv_GLM,10,26,1212,1204,8,2700,2296,404
max_tuv_GLM,10,27,1112,1104,8,2800,2396,404
max_tuv_GLM,10,28,1012,1005,7,2900,2495,405
max_tuv_GLM,10,29,912,906,6,3000,2594,406
max_tuv_GLM,10,30,812,806,6,3100,2694,406
max_tuv_GLM,10,31,712,707,5,3200,2793,407
max_tuv_GLM,10,32,612,608,4,3300,2892,408
max_tuv_GLM,10,33,512,508,4,3400,2992,408
max_tuv_GLM,10,34,412,411,1,3500,3089,411
max_tuv_GLM,10,35,312,312,0,3600,3188,412
max_tuv_GLM,10,36,212,212,0,3700,3288,412
max_tuv_GLM,10,37,112,112,0,3800,3388,412
max_tuv_GLM,10,38,12,12,0,3900,3488,412
max_tuv_GLM,10,39,0,0,0,3912,3500,412
max_tuv_GLM,11,0,3812,3410,402,100,94,6
max_tuv_GLM,11,1,3712,3372,340,200,132,68
max_tuv_GLM,11,2,3612,3328,284,300,176,124
max_tuv_GLM,11,3,3512,3277,235,400,227,173
max_tuv_GLM,11,4,3412,3225,187,500,279,221
max_tuv_GLM,11,5,3312,3165,147,600,339,261
max_tuv_GLM,11,6,3212,3089,123,700,415,285
max_tuv_GLM,11,7,3112,3025,87,800,479,321
max_tuv_GLM,11,8,3012,2941,71,900,563,337
max_tuv_GLM,11,9,2912,2854,58,1000,650,350
max_tuv_GLM,11,10,2812,2756,56,1100,748,352
max_tuv_GLM,11,11,2712,2662,50,1200,842,358
max_tuv_GLM,11,12,2612,2567,45,1300,937,363
max_tuv_GLM,11,13,2512,2468,44,1400,1036,364
max_tuv_GLM,11,14,2412,2371,41,1500,1133,367
max_tuv_GLM,11,15,2312,2275,37,1600,1229,371
max_tuv_GLM,11,16,2212,2181,31,1700,1323,377
max_tuv_GLM,11,17,2112,2083,29,1800,1421,379
max_tuv_GLM,11,18,2012,1986,26,1900,1518,382
max_tuv_GLM,11,19,1912,1895,17,2000,1609,391
max_tuv_GLM,11,20,1812,1801,11,2100,1703,397
max_tuv_GLM,11,21,1712,1703,9,2200,1801,399
max_tuv_GLM,11,22,1612,1603,9,2300,1901,399
max_tuv_GLM,11,23,1512,1504,8,2400,2000,400
max_tuv_GLM,11,24,1412,1406,6,2500,2098,402
max_tuv_GLM,11,25,1312,1307,5,2600,2197,403
max_tuv_GLM,11,26,1212,1207,5,2700,2297,403
max_tuv_GLM,11,27,1112,1107,5,2800,2397,403
max_tuv_GLM,11,28,1012,1008,4,2900,2496,404
max_tuv_GLM,11,29,912,908,4,3000,2596,404
max_tuv_GLM,11,30,812,809,3,3100,2695,405
max_tuv_GLM,11,31,712,709,3,3200,2795,405
max_tuv_GLM,11,32,612,610,2,3300,2894,406
max_tuv_GLM,11,33,512,510,2,3400,2994,406
max_tuv_GLM,11,34,412,410,2,3500,3094,406
max_tuv_GLM,11,35,312,312,0,3600,3192,408
max_tuv_GLM,11,36,212,212,0,3700,3292,408
max_tuv_GLM,11,37,112,112,0,3800,3392,408
max_tuv_GLM,11,38,12,12,0,3900,3492,408
max_tuv_GLM,11,39,0,0,0,3912,3504,408
max_tuv_GLM,12,0,3812,3429,383,100,83,17
max_tuv_GLM,12,1,3712,3385,327,200,127,73
max_tuv_GLM,12,2,3612,3324,288,300,188,112
max_tuv_GLM,12,3,3512,3272,240,400,240,160
max_tuv_GLM,12,4,3412,3209,203,500,303,197
max_tuv_GLM,12,5,3312,3146,166,600,366,234
max_tuv_GLM,12,6,3212,3079,133,700,433,267
max_tuv_GLM,12,7,3112,3009,103,800,503,297
max_tuv_GLM,12,8,3012,2923,89,900,589,311
max_tuv_GLM,12,9,2912,2840,72,1000,672,328
max_tuv_GLM,12,10,2812,2747,65,1100,765,335
max_tuv_GLM,12,11,2712,2656,56,1200,856,344
max_tuv_GLM,12,12,2612,2565,47,1300,947,353
max_tuv_GLM,12,13,2512,2472,40,1400,1040,360
max_tuv_GLM,12,14,2412,2377,35,1500,1135,365
max_tuv_GLM,12,15,2312,2280,32,1600,1232,368
max_tuv_GLM,12,16,2212,2186,26,1700,1326,374
max_tuv_GLM,12,17,2112,2092,20,1800,1420,380
max_tuv_GLM,12,18,2012,1995,17,1900,1517,383
max_tuv_GLM,12,19,1912,1896,16,2000,1616,384
max_tuv_GLM,12,20,1812,1798,14,2100,1714,386
max_tuv_GLM,12,21,1712,1702,10,2200,1810,390
max_tuv_GLM,12,22,1612,1604,8,2300,1908,392
max_tuv_GLM,12,23,1512,1505,7,2400,2007,393
max_tuv_GLM,12,24,1412,1407,5,2500,2105,395
max_tuv_GLM,12,25,1312,1308,4,2600,2204,396
max_tuv_GLM,12,26,1212,1208,4,2700,2304,396
max_tuv_GLM,12,27,1112,1108,4,2800,2404,396
max_tuv_GLM,12,28,1012,1008,4,2900,2504,396
max_tuv_GLM,12,29,912,908,4,3000,2604,396
max_tuv_GLM,12,30,812,808,4,3100,2704,396
max_tuv_GLM,12,31,712,708,4,3200,2804,396
max_tuv_GLM,12,32,612,611,1,3300,2901,399
max_tuv_GLM,12,33,512,511,1,3400,3001,399
max_tuv_GLM,12,34,412,412,0,3500,3100,400
max_tuv_GLM,12,35,312,312,0,3600,3200,400
max_tuv_GLM,12,36,212,212,0,3700,3300,400
max_tuv_GLM,12,37,112,112,0,3800,3400,400
max_tuv_GLM,12,38,12,12,0,3900,3500,400
max_tuv_GLM,12,39,0,0,0,3912,3512,400
max_tuv_GLM,13,0,3812,3427,385,100,90,10
max_tuv_GLM,13,1,3712,3371,341,200,146,54
max_tuv_GLM,13,2,3612,3329,283,300,188,112
max_tuv_GLM,13,3,3512,3270,242,400,247,153
max_tuv_GLM,13,4,3412,3232,180,500,285,215
max_tuv_GLM,13,5,3312,3167,145,600,350,250
max_tuv_GLM,13,6,3212,3095,117,700,422,278
max_tuv_GLM,13,7,3112,3021,91,800,496,304
max_tuv_GLM,13,8,3012,2941,71,900,576,324
max_tuv_GLM,13,9,2912,2845,67,1000,672,328
max_tuv_GLM,13,10,2812,2756,56,1100,761,339
max_tuv_GLM,13,11,2712,2664,48,1200,853,347
max_tuv_GLM,13,12,2612,2570,42,1300,947,353
max_tuv_GLM,13,13,2512,2475,37,1400,1042,358
max_tuv_GLM,13,14,2412,2378,34,1500,1139,361
max_tuv_GLM,13,15,2312,2282,30,1600,1235,365
max_tuv_GLM,13,16,2212,2189,23,1700,1328,372
max_tuv_GLM,13,17,2112,2094,18,1800,1423,377
max_tuv_GLM,13,18,2012,1996,16,1900,1521,379
max_tuv_GLM,13,19,1912,1898,14,2000,1619,381
max_tuv_GLM,13,20,1812,1800,12,2100,1717,383
max_tuv_GLM,13,21,1712,1701,11,2200,1816,384
max_tuv_GLM,13,22,1612,1603,9,2300,1914,386
max_tuv_GLM,13,23,1512,1503,9,2400,2014,386
max_tuv_GLM,13,24,1412,1406,6,2500,2111,389
max_tuv_GLM,13,25,1312,1306,6,2600,2211,389
max_tuv_GLM,13,26,1212,1207,5,2700,2310,390
max_tuv_GLM,13,27,1112,1107,5,2800,2410,390
max_tuv_GLM,13,28,1012,1007,5,2900,2510,390
max_tuv_GLM,13,29,912,907,5,3000,2610,390
max_tuv_GLM,13,30,812,809,3,3100,2708,392
max_tuv_GLM,13,31,712,710,2,3200,2807,393
max_tuv_GLM,13,32,612,610,2,3300,2907,393
max_tuv_GLM,13,33,512,510,2,3400,3007,393
max_tuv_GLM,13,34,412,410,2,3500,3107,393
max_tuv_GLM,13,35,312,312,0,3600,3205,395
max_tuv_GLM,13,36,212,212,0,3700,3305,395
max_tuv_GLM,13,37,112,112,0,3800,3405,395
max_tuv_GLM,13,38,12,12,0,3900,3505,395
max_tuv_GLM,13,39,0,0,0,3912,3517,395
max_tuv_GLM,14,0,3812,3414,398,100,87,13
max_tuv_GLM,14,1,3712,3382,330,200,119,81
max_tuv_GLM,14,2,3612,3319,293,300,182,118
max_tuv_GLM,14,3,3512,3265,247,400,236,164
max_tuv_GLM,14,4,3412,3213,199,500,288,212
max_tuv_GLM,14,5,3312,3152,160,600,349,251
max_tuv_GLM,14,6,3212,3088,124,700,413,287
max_tuv_GLM,14,7,3112,3015,97,800,486,314
max_tuv_GLM,14,8,3012,2939,73,900,562,338
max_tuv_GLM,14,9,2912,2844,68,1000,657,343
max_tuv_GLM,14,10,2812,2753,59,1100,748,352
max_tuv_GLM,14,11,2712,2658,54,1200,843,357
max_tuv_GLM,14,12,2612,2565,47,1300,936,364
max_tuv_GLM,14,13,2512,2470,42,1400,1031,369
max_tuv_GLM,14,14,2412,2375,37,1500,1126,374
max_tuv_GLM,14,15,2312,2284,28,1600,1217,383
max_tuv_GLM,14,16,2212,2186,26,1700,1315,385
max_tuv_GLM,14,17,2112,2091,21,1800,1410,390
max_tuv_GLM,14,18,2012,1995,17,1900,1506,394
max_tuv_GLM,14,19,1912,1899,13,2000,1602,398
max_tuv_GLM,14,20,1812,1803,9,2100,1698,402
max_tuv_GLM,14,21,1712,1706,6,2200,1795,405
max_tuv_GLM,14,22,1612,1606,6,2300,1895,405
max_tuv_GLM,14,23,1512,1506,6,2400,1995,405
max_tuv_GLM,14,24,1412,1409,3,2500,2092,408
max_tuv_GLM,14,25,1312,1309,3,2600,2192,408
max_tuv_GLM,14,26,1212,1209,3,2700,2292,408
max_tuv_GLM,14,27,1112,1109,3,2800,2392,408
max_tuv_GLM,14,28,1012,1009,3,2900,2492,408
max_tuv_GLM,14,29,912,909,3,3000,2592,408
max_tuv_GLM,14,30,812,809,3,3100,2692,408
max_tuv_GLM,14,31,712,709,3,3200,2792,408
max_tuv_GLM,14,32,612,609,3,3300,2892,408
max_tuv_GLM,14,33,512,510,2,3400,2991,409
max_tuv_GLM,14,34,412,411,1,3500,3090,410
max_tuv_GLM,14,35,312,312,0,3600,3189,411
max_tuv_GLM,14,36,212,212,0,3700,3289,411
max_tuv_GLM,14,37,112,112,0,3800,3389,411
max_tuv_GLM,14,38,12,12,0,3900,3489,411
max_tuv_GLM,14,39,0,0,0,3912,3501,411
max_tuv_GLM,15,0,3812,3411,401,100,88,12
max_tuv_GLM,15,1,3712,3372,340,200,127,73
max_tuv_GLM,15,2,3612,3302,310,300,197,103
max_tuv_GLM,15,3,3512,3254,258,400,245,155
max_tuv_GLM,15,4,3412,3203,209,500,296,204
max_tuv_GLM,15,5,3312,3151,161,600,348,252
max_tuv_GLM,15,6,3212,3088,124,700,411,289
max_tuv_GLM,15,7,3112,3011,101,800,488,312
max_tuv_GLM,15,8,3012,2928,84,900,571,329
max_tuv_GLM,15,9,2912,2849,63,1000,650,350
max_tuv_GLM,15,10,2812,2754,58,1100,745,355
max_tuv_GLM,15,11,2712,2668,44,1200,831,369
max_tuv_GLM,15,12,2612,2571,41,1300,928,372
max_tuv_GLM,15,13,2512,2479,33,1400,1020,380
max_tuv_GLM,15,14,2412,2385,27,1500,1114,386
max_tuv_GLM,15,15,2312,2292,20,1600,1207,393
max_tuv_GLM,15,16,2212,2196,16,1700,1303,397
max_tuv_GLM,15,17,2112,2098,14,1800,1401,399
max_tuv_GLM,15,18,2012,1999,13,1900,1500,400
max_tuv_GLM,15,19,1912,1901,11,2000,1598,402
max_tuv_GLM,15,20,1812,1803,9,2100,1696,404
max_tuv_GLM,15,21,1712,1705,7,2200,1794,406
max_tuv_GLM,15,22,1612,1606,6,2300,1893,407
max_tuv_GLM,15,23,1512,1506,6,2400,1993,407
max_tuv_GLM,15,24,1412,1406,6,2500,2093,407
max_tuv_GLM,15,25,1312,1307,5,2600,2192,408
max_tuv_GLM,15,26,1212,1207,5,2700,2292,408
max_tuv_GLM,15,27,1112,1109,3,2800,2390,410
max_tuv_GLM,15,28,1012,1009,3,2900,2490,410
max_tuv_GLM,15,29,912,909,3,3000,2590,410
max_tuv_GLM,15,30,812,809,3,3100,2690,410
max_tuv_GLM,15,31,712,709,3,3200,2790,410
max_tuv_GLM,15,32,612,609,3,3300,2890,410
max_tuv_GLM,15,33,512,510,2,3400,2989,411
max_tuv_GLM,15,34,412,412,0,3500,3087,413
max_tuv_GLM,15,35,312,312,0,3600,3187,413
max_tuv_GLM,15,36,212,212,0,3700,3287,413
max_tuv_GLM,15,37,112,112,0,3800,3387,413
max_tuv_GLM,15,38,12,12,0,3900,3487,413
max_tuv_GLM,15,39,0,0,0,3912,3499,413
max_tuv_GLM,16,0,3812,3417,395,100,93,7
max_tuv_GLM,16,1,3712,3378,334,200,132,68
max_tuv_GLM,16,2,3612,3310,302,300,200,100
max_tuv_GLM,16,3,3512,3264,248,400,246,154
max_tuv_GLM,16,4,3412,3225,187,500,285,215
max_tuv_GLM,16,5,3312,3168,144,600,342,258
max_tuv_GLM,16,6,3212,3096,116,700,414,286
max_tuv_GLM,16,7,3112,3013,99,800,497,303
max_tuv_GLM,16,8,3012,2932,80,900,578,322
max_tuv_GLM,16,9,2912,2846,66,1000,664,336
max_tuv_GLM,16,10,2812,2755,57,1100,755,345
max_tuv_GLM,16,11,2712,2668,44,1200,842,358
max_tuv_GLM,16,12,2612,2577,35,1300,933,367
max_tuv_GLM,16,13,2512,2479,33,1400,1031,369
max_tuv_GLM,16,14,2412,2382,30,1500,1128,372
max_tuv_GLM,16,15,2312,2286,26,1600,1224,376
max_tuv_GLM,16,16,2212,2193,19,1700,1317,383
max_tuv_GLM,16,17,2112,2100,12,1800,1410,390
max_tuv_GLM,16,18,2012,2003,9,1900,1507,393
max_tuv_GLM,16,19,1912,1904,8,2000,1606,394
max_tuv_GLM,16,20,1812,1805,7,2100,1705,395
max_tuv_GLM,16,21,1712,1705,7,2200,1805,395
max_tuv_GLM,16,22,1612,1608,4,2300,1902,398
max_tuv_GLM,16,23,1512,1508,4,2400,2002,398
max_tuv_GLM,16,24,1412,1409,3,2500,2101,399
max_tuv_GLM,16,25,1312,1309,3,2600,2201,399
max_tuv_GLM,16,26,1212,1210,2,2700,2300,400
max_tuv_GLM,16,27,1112,1111,1,2800,2399,401
max_tuv_GLM,16,28,1012,1011,1,2900,2499,401
max_tuv_GLM,16,29,912,911,1,3000,2599,401
max_tuv_GLM,16,30,812,811,1,3100,2699,401
max_tuv_GLM,16,31,712,711,1,3200,2799,401
max_tuv_GLM,16,32,612,611,1,3300,2899,401
max_tuv_GLM,16,33,512,511,1,3400,2999,401
max_tuv_GLM,16,34,412,412,0,3500,3098,402
max_tuv_GLM,16,35,312,312,0,3600,3198,402
max_tuv_GLM,16,36,212,212,0,3700,3298,402
max_tuv_GLM,16,37,112,112,0,3800,3398,402
max_tuv_GLM,16,38,12,12,0,3900,3498,402
max_tuv_GLM,16,39,0,0,0,3912,3510,402
max_tuv_GLM,17,0,3812,3410,402,100,92,8
max_tuv_GLM,17,1,3712,3347,365,200,155,45
max_tuv_GLM,17,2,3612,3301,311,300,201,99
max_tuv_GLM,17,3,3512,3248,264,400,254,146
max_tuv_GLM,17,4,3412,3207,205,500,295,205
max_tuv_GLM,17,5,3312,3149,163,600,353,247
max_tuv_GLM,17,6,3212,3091,121,700,411,289
max_tuv_GLM,17,7,3112,3022,90,800,480,320
max_tuv_GLM,17,8,3012,2931,81,900,571,329
max_tuv_GLM,17,9,2912,2851,61,1000,651,349
max_tuv_GLM,17,10,2812,2759,53,1100,743,357
max_tuv_GLM,17,11,2712,2668,44,1200,834,366
max_tuv_GLM,17,12,2612,2570,42,1300,932,368
max_tuv_GLM,17,13,2512,2475,37,1400,1027,373
max_tuv_GLM,17,14,2412,2380,32,1500,1122,378
max_tuv_GLM,17,15,2312,2293,19,1600,1209,391
max_tuv_GLM,17,16,2212,2198,14,1700,1304,396
max_tuv_GLM,17,17,2112,2098,14,1800,1404,396
max_tuv_GLM,17,18,2012,1999,13,1900,1503,397
max_tuv_GLM,17,19,1912,1902,10,2000,1600,400
max_tuv_GLM,17,20,1812,1803,9,2100,1699,401
max_tuv_GLM,17,21,1712,1704,8,2200,1798,402
max_tuv_GLM,17,22,1612,1605,7,2300,1897,403
max_tuv_GLM,17,23,1512,1505,7,2400,1997,403
max_tuv_GLM,17,24,1412,1405,7,2500,2097,403
max_tuv_GLM,17,25,1312,1306,6,2600,2196,404
max_tuv_GLM,17,26,1212,1207,5,2700,2295,405
max_tuv_GLM,17,27,1112,1107,5,2800,2395,405
max_tuv_GLM,17,28,1012,1007,5,2900,2495,405
max_tuv_GLM,17,29,912,908,4,3000,2594,406
max_tuv_GLM,17,30,812,808,4,3100,2694,406
max_tuv_GLM,17,31,712,708,4,3200,2794,406
max_tuv_GLM,17,32,612,609,3,3300,2893,407
max_tuv_GLM,17,33,512,509,3,3400,2993,407
max_tuv_GLM,17,34,412,411,1,3500,3091,409
max_tuv_GLM,17,35,312,312,0,3600,3190,410
max_tuv_GLM,17,36,212,212,0,3700,3290,410
max_tuv_GLM,17,37,112,112,0,3800,3390,410
max_tuv_GLM,17,38,12,12,0,3900,3490,410
max_tuv_GLM,17,39,0,0,0,3912,3502,410
max_tuv_GLM,18,0,3812,3418,394,100,89,11
max_tuv_GLM,18,1,3712,3349,363,200,158,42
max_tuv_GLM,18,2,3612,3289,323,300,218,82
max_tuv_GLM,18,3,3512,3240,272,400,267,133
max_tuv_GLM,18,4,3412,3192,220,500,315,185
max_tuv_GLM,18,5,3312,3124,188,600,383,217
max_tuv_GLM,18,6,3212,3054,158,700,453,247
max_tuv_GLM,18,7,3112,2987,125,800,520,280
max_tuv_GLM,18,8,3012,2915,97,900,592,308
max_tuv_GLM,18,9,2912,2821,91,1000,686,314
max_tuv_GLM,18,10,2812,2749,63,1100,758,342
max_tuv_GLM,18,11,2712,2656,56,1200,851,349
max_tuv_GLM,18,12,2612,2563,49,1300,944,356
max_tuv_GLM,18,13,2512,2471,41,1400,1036,364
max_tuv_GLM,18,14,2412,2377,35,1500,1130,370
max_tuv_GLM,18,15,2312,2284,28,1600,1223,377
max_tuv_GLM,18,16,2212,2191,21,1700,1316,384
max_tuv_GLM,18,17,2112,2096,16,1800,1411,389
max_tuv_GLM,18,18,2012,1999,13,1900,1508,392
max_tuv_GLM,18,19,1912,1902,10,2000,1605,395
max_tuv_GLM,18,20,1812,1803,9,2100,1704,396
max_tuv_GLM,18,21,1712,1703,9,2200,1804,396
max_tuv_GLM,18,22,1612,1608,4,2300,1899,401
max_tuv_GLM,18,23,1512,1508,4,2400,1999,401
max_tuv_GLM,18,24,1412,1408,4,2500,2099,401
max_tuv_GLM,18,25,1312,1308,4,2600,2199,401
max_tuv_GLM,18,26,1212,1208,4,2700,2299,401
max_tuv_GLM,18,27,1112,1108,4,2800,2399,401
max_tuv_GLM,18,28,1012,1008,4,2900,2499,401
max_tuv_GLM,18,29,912,908,4,3000,2599,401
max_tuv_GLM,18,30,812,808,4,3100,2699,401
max_tuv_GLM,18,31,712,708,4,3200,2799,401
max_tuv_GLM,18,32,612,609,3,3300,2898,402
max_tuv_GLM,18,33,512,510,2,3400,2997,403
max_tuv_GLM,18,34,412,411,1,3500,3096,404
max_tuv_GLM,18,35,312,312,0,3600,3195,405
max_tuv_GLM,18,36,212,212,0,3700,3295,405
max_tuv_GLM,18,37,112,112,0,3800,3395,405
max_tuv_GLM,18,38,12,12,0,3900,3495,405
max_tuv_GLM,18,39,0,0,0,3912,3507,405
max_tuv_GLM,19,0,3812,3396,416,100,94,6
max_tuv_GLM,19,1,3712,3369,343,200,121,79
max_tuv_GLM,19,2,3612,3311,301,300,179,121
max_tuv_GLM,19,3,3512,3243,269,400,247,153
max_tuv_GLM,19,4,3412,3193,219,500,297,203
max_tuv_GLM,19,5,3312,3135,177,600,355,245
max_tuv_GLM,19,6,3212,3069,143,700,421,279
max_tuv_GLM,19,7,3112,3001,111,800,489,311
max_tuv_GLM,19,8,3012,2929,83,900,561,339
max_tuv_GLM,19,9,2912,2836,76,1000,654,346
max_tuv_GLM,19,10,2812,2749,63,1100,741,359
max_tuv_GLM,19,11,2712,2661,51,1200,829,371
max_tuv_GLM,19,12,2612,2566,46,1300,924,376
max_tuv_GLM,19,13,2512,2471,41,1400,1019,381
max_tuv_GLM,19,14,2412,2379,33,1500,1111,389
max_tuv_GLM,19,15,2312,2287,25,1600,1203,397
max_tuv_GLM,19,16,2212,2187,25,1700,1303,397
max_tuv_GLM,19,17,2112,2091,21,1800,1399,401
max_tuv_GLM,19,18,2012,1996,16,1900,1494,406
max_tuv_GLM,19,19,1912,1900,12,2000,1590,410
max_tuv_GLM,19,20,1812,1802,10,2100,1688,412
max_tuv_GLM,19,21,1712,1703,9,2200,1787,413
max_tuv_GLM,19,22,1612,1603,9,2300,1887,413
max_tuv_GLM,19,23,1512,1504,8,2400,1986,414
max_tuv_GLM,19,24,1412,1405,7,2500,2085,415
max_tuv_GLM,19,25,1312,1306,6,2600,2184,416
max_tuv_GLM,19,26,1212,1206,6,2700,2284,416
max_tuv_GLM,19,27,1112,1106,6,2800,2384,416
max_tuv_GLM,19,28,1012,1007,5,2900,2483,417
max_tuv_GLM,19,29,912,908,4,3000,2582,418
max_tuv_GLM,19,30,812,809,3,3100,2681,419
max_tuv_GLM,19,31,712,709,3,3200,2781,419
max_tuv_GLM,19,32,612,609,3,3300,2881,419
max_tuv_GLM,19,33,512,510,2,3400,2980,420
max_tuv_GLM,19,34,412,411,1,3500,3079,421
max_tuv_GLM,19,35,312,312,0,3600,3178,422
max_tuv_GLM,19,36,212,212,0,3700,3278,422
max_tuv_GLM,19,37,112,112,0,3800,3378,422
max_tuv_GLM,19,38,12,12,0,3900,3478,422
max_tuv_GLM,19,39,0,0,0,3912,3490,422
max_tuv_GLM,20,0,3812,3410,402,100,86,14
max_tuv_GLM,20,1,3712,3368,344,200,128,72
max_tuv_GLM,20,2,3612,3304,308,300,192,108
max_tuv_GLM,20,3,3512,3251,261,400,245,155
max_tuv_GLM,20,4,3412,3188,224,500,308,192
max_tuv_GLM,20,5,3312,3115,197,600,381,219
max_tuv_GLM,20,6,3212,3067,145,700,429,271
max_tuv_GLM,20,7,3112,3000,112,800,496,304
max_tuv_GLM,20,8,3012,2920,92,900,576,324
max_tuv_GLM,20,9,2912,2838,74,1000,658,342
max_tuv_GLM,20,10,2812,2746,66,1100,750,350
max_tuv_GLM,20,11,2712,2660,52,1200,836,364
max_tuv_GLM,20,12,2612,2571,41,1300,925,375
max_tuv_GLM,20,13,2512,2475,37,1400,1021,379
max_tuv_GLM,20,14,2412,2377,35,1500,1119,381
max_tuv_GLM,20,15,2312,2281,31,1600,1215,385
max_tuv_GLM,20,16,2212,2191,21,1700,1305,395
max_tuv_GLM,20,17,2112,2098,14,1800,1398,402
max_tuv_GLM,20,18,2012,2001,11,1900,1495,405
max_tuv_GLM,20,19,1912,1901,11,2000,1595,405
max_tuv_GLM,20,20,1812,1802,10,2100,1694,406
max_tuv_GLM,20,21,1712,1704,8,2200,1792,408
max_tuv_GLM,20,22,1612,1605,7,2300,1891,409
max_tuv_GLM,20,23,1512,1505,7,2400,1991,409
max_tuv_GLM,20,24,1412,1407,5,2500,2089,411
max_tuv_GLM,20,25,1312,1308,4,2600,2188,412
max_tuv_GLM,20,26,1212,1208,4,2700,2288,412
max_tuv_GLM,20,27,1112,1109,3,2800,2387,413
max_tuv_GLM,20,28,1012,1009,3,2900,2487,413
max_tuv_GLM,20,29,912,909,3,3000,2587,413
max_tuv_GLM,20,30,812,809,3,3100,2687,413
max_tuv_GLM,20,31,712,710,2,3200,2786,414
max_tuv_GLM,20,32,612,612,0,3300,2884,416
max_tuv_GLM,20,33,512,512,0,3400,2984,416
max_tuv_GLM,20,34,412,412,0,3500,3084,416
max_tuv_GLM,20,35,312,312,0,3600,3184,416
max_tuv_GLM,20,36,212,212,0,3700,3284,416
max_tuv_GLM,20,37,112,112,0,3800,3384,416
max_tuv_GLM,20,38,12,12,0,3900,3484,416
max_tuv_GLM,20,39,0,0,0,3912,3496,416
greedy_GLM,1,0,3812,3438,374,100,92,8
greedy_GLM,1,1,3712,3356,356,200,174,26
greedy_GLM,1,2,3612,3273,339,300,257,43
greedy_GLM,1,3,3512,3199,313,400,331,69
greedy_GLM,1,4,3412,3118,294,500,412,88
greedy_GLM,1,5,3312,3041,271,600,489,111
greedy_GLM,1,6,3212,2954,258,700,576,124
greedy_GLM,1,7,3112,2872,240,800,658,142
greedy_GLM,1,8,3012,2791,221,900,739,161
greedy_GLM,1,9,2912,2708,204,1000,822,178
greedy_GLM,1,10,2812,2623,189,1100,907,193
greedy_GLM,1,11,2712,2548,164,1200,982,218
greedy_GLM,1,12,2612,2463,149,1300,1067,233
greedy_GLM,1,13,2512,2379,133,1400,1151,249
greedy_GLM,1,14,2412,2295,117,1500,1235,265
greedy_GLM,1,15,2312,2212,100,1600,1318,282
greedy_GLM,1,16,2212,2127,85,1700,1403,297
greedy_GLM,1,17,2112,2036,76,1800,1494,306
greedy_GLM,1,18,2012,1946,66,1900,1584,316
greedy_GLM,1,19,1912,1856,56,2000,1674,326
greedy_GLM,1,20,1812,1763,49,2100,1767,333
greedy_GLM,1,21,1712,1671,41,2200,1859,341
greedy_GLM,1,22,1612,1578,34,2300,1952,348
greedy_GLM,1,23,1512,1488,24,2400,2042,358
greedy_GLM,1,24,1412,1393,19,2500,2137,363
greedy_GLM,1,25,1312,1297,15,2600,2233,367
greedy_GLM,1,26,1212,1203,9,2700,2327,373
greedy_GLM,1,27,1112,1105,7,2800,2425,375
greedy_GLM,1,28,1012,1009,3,2900,2521,379
greedy_GLM,1,29,912,911,1,3000,2619,381
greedy_GLM,1,30,812,811,1,3100,2719,381
greedy_GLM,1,31,712,712,0,3200,2818,382
greedy_GLM,1,32,612,612,0,3300,2918,382
greedy_GLM,1,33,512,512,0,3400,3018,382
greedy_GLM,1,34,412,412,0,3500,3118,382
greedy_GLM,1,35,312,312,0,3600,3218,382
greedy_GLM,1,36,212,212,0,3700,3318,382
greedy_GLM,1,37,112,112,0,3800,3418,382
greedy_GLM,1,38,12,12,0,3900,3518,382
greedy_GLM,1,39,0,0,0,3912,3530,382
greedy_GLM,2,0,3812,3426,386,100,87,13
greedy_GLM,2,1,3712,3332,380,200,181,19
greedy_GLM,2,2,3612,3248,364,300,265,35
greedy_GLM,2,3,3512,3161,351,400,352,48
greedy_GLM,2,4,3412,3081,331,500,432,68
greedy_GLM,2,5,3312,3008,304,600,505,95
greedy_GLM,2,6,3212,2927,285,700,586,114
greedy_GLM,2,7,3112,2855,257,800,658,142
greedy_GLM,2,8,3012,2778,234,900,735,165
greedy_GLM,2,9,2912,2697,215,1000,816,184
greedy_GLM,2,10,2812,2615,197,1100,898,202
greedy_GLM,2,11,2712,2527,185,1200,986,214
greedy_GLM,2,12,2612,2441,171,1300,1072,228
greedy_GLM,2,13,2512,2358,154,1400,1155,245
greedy_GLM,2,14,2412,2270,142,1500,1243,257
greedy_GLM,2,15,2312,2188,124,1600,1325,275
greedy_GLM,2,16,2212,2107,105,1700,1406,294
greedy_GLM,2,17,2112,2020,92,1800,1493,307
greedy_GLM,2,18,2012,1934,78,1900,1579,321
greedy_GLM,2,19,1912,1848,64,2000,1665,335
greedy_GLM,2,20,1812,1751,61,2100,1762,338
greedy_GLM,2,21,1712,1656,56,2200,1857,343
greedy_GLM,2,22,1612,1567,45,2300,1946,354
greedy_GLM,2,23,1512,1482,30,2400,2031,369
greedy_GLM,2,24,1412,1392,20,2500,2121,379
greedy_GLM,2,25,1312,1301,11,2600,2212,388
greedy_GLM,2,26,1212,1203,9,2700,2310,390
greedy_GLM,2,27,1112,1109,3,2800,2404,396
greedy_GLM,2,28,1012,1010,2,2900,2503,397
greedy_GLM,2,29,912,912,0,3000,2601,399
greedy_GLM,2,30,812,812,0,3100,2701,399
greedy_GLM,2,31,712,712,0,3200,2801,399
greedy_GLM,2,32,612,612,0,3300,2901,399
greedy_GLM,2,33,512,512,0,3400,3001,399
greedy_GLM,2,34,412,412,0,3500,3101,399
greedy_GLM,2,35,312,312,0,3600,3201,399
greedy_GLM,2,36,212,212,0,3700,3301,399
greedy_GLM,2,37,112,112,0,3800,3401,399
greedy_GLM,2,38,12,12,0,3900,3501,399
greedy_GLM,2,39,0,0,0,3912,3513,399
greedy_GLM,3,0,3812,3422,390,100,84,16
greedy_GLM,3,1,3712,3334,378,200,172,28
greedy_GLM,3,2,3612,3255,357,300,251,49
greedy_GLM,3,3,3512,3183,329,400,323,77
greedy_GLM,3,4,3412,3104,308,500,402,98
greedy_GLM,3,5,3312,3029,283,600,477,123
greedy_GLM,3,6,3212,2947,265,700,559,141
greedy_GLM,3,7,3112,2865,247,800,641,159
greedy_GLM,3,8,3012,2784,228,900,722,178
greedy_GLM,3,9,2912,2700,212,1000,806,194
greedy_GLM,3,10,2812,2619,193,1100,887,213
greedy_GLM,3,11,2712,2540,172,1200,966,234
greedy_GLM,3,12,2612,2461,151,1300,1045,255
greedy_GLM,3,13,2512,2375,137,1400,1131,269
greedy_GLM,3,14,2412,2295,117,1500,1211,289
greedy_GLM,3,15,2312,2204,108,1600,1302,298
greedy_GLM,3,16,2212,2116,96,1700,1390,310
greedy_GLM,3,17,2112,2028,84,1800,1478,322
greedy_GLM,3,18,2012,1937,75,1900,1569,331
greedy_GLM,3,19,1912,1844,68,2000,1662,338
greedy_GLM,3,20,1812,1750,62,2100,1756,344
greedy_GLM,3,21,1712,1656,56,2200,1850,350
greedy_GLM,3,22,1612,1563,49,2300,1943,357
greedy_GLM,3,23,1512,1476,36,2400,2030,370
greedy_GLM,3,24,1412,1389,23,2500,2117,383
greedy_GLM,3,25,1312,1293,19,2600,2213,387
greedy_GLM,3,26,1212,1200,12,2700,2306,394
greedy_GLM,3,27,1112,1106,6,2800,2400,400
greedy_GLM,3,28,1012,1007,5,2900,2499,401
greedy_GLM,3,29,912,909,3,3000,2597,403
greedy_GLM,3,30,812,810,2,3100,2696,404
greedy_GLM,3,31,712,711,1,3200,2795,405
greedy_GLM,3,32,612,611,1,3300,2895,405
greedy_GLM,3,33,512,512,0,3400,2994,406
greedy_GLM,3,34,412,412,0,3500,3094,406
greedy_GLM,3,35,312,312,0,3600,3194,406
greedy_GLM,3,36,212,212,0,3700,3294,406
greedy_GLM,3,37,112,112,0,3800,3394,406
greedy_GLM,3,38,12,12,0,3900,3494,406
greedy_GLM,3,39,0,0,0,3912,3506,406
greedy_GLM,4,0,3812,3425,387,100,91,9
greedy_GLM,4,1,3712,3338,374,200,178,22
greedy_GLM,4,2,3612,3263,349,300,253,47
greedy_GLM,4,3,3512,3189,323,400,327,73
greedy_GLM,4,4,3412,3110,302,500,406,94
greedy_GLM,4,5,3312,3029,283,600,487,113
greedy_GLM,4,6,3212,2948,264,700,568,132
greedy_GLM,4,7,3112,2869,243,800,647,153
greedy_GLM,4,8,3012,2785,227,900,731,169
greedy_GLM,4,9,2912,2708,204,1000,808,192
greedy_GLM,4,10,2812,2627,185,1100,889,211
greedy_GLM,4,11,2712,2548,164,1200,968,232
greedy_GLM,4,12,2612,2460,152,1300,1056,244
greedy_GLM,4,13,2512,2377,135,1400,1139,261
greedy_GLM,4,14,2412,2284,128,1500,1232,268
greedy_GLM,4,15,2312,2196,116,1600,1320,280
greedy_GLM,4,16,2212,2104,108,1700,1412,288
greedy_GLM,4,17,2112,2018,94,1800,1498,302
greedy_GLM,4,18,2012,1930,82,1900,1586,314
greedy_GLM,4,19,1912,1840,72,2000,1676,324
greedy_GLM,4,20,1812,1753,59,2100,1763,337
greedy_GLM,4,21,1712,1665,47,2200,1851,349
greedy_GLM,4,22,1612,1577,35,2300,1939,361
greedy_GLM,4,23,1512,1484,28,2400,2032,368
greedy_GLM,4,24,1412,1395,17,2500,2121,379
greedy_GLM,4,25,1312,1298,14,2600,2218,382
greedy_GLM,4,26,1212,1202,10,2700,2314,386
greedy_GLM,4,27,1112,1109,3,2800,2407,393
greedy_GLM,4,28,1012,1010,2,2900,2506,394
greedy_GLM,4,29,912,910,2,3000,2606,394
greedy_GLM,4,30,812,810,2,3100,2706,394
greedy_GLM,4,31,712,710,2,3200,2806,394
greedy_GLM,4,32,612,612,0,3300,2904,396
greedy_GLM,4,33,512,512,0,3400,3004,396
greedy_GLM,4,34,412,412,0,3500,3104,396
greedy_GLM,4,35,312,312,0,3600,3204,396
greedy_GLM,4,36,212,212,0,3700,3304,396
greedy_GLM,4,37,112,112,0,3800,3404,396
greedy_GLM,4,38,12,12,0,3900,3504,396
greedy_GLM,4,39,0,0,0,3912,3516,396
greedy_GLM,5,0,3812,3412,400,100,88,12
greedy_GLM,5,1,3712,3319,393,200,181,19
greedy_GLM,5,2,3612,3231,381,300,269,31
greedy_GLM,5,3,3512,3150,362,400,350,50
greedy_GLM,5,4,3412,3077,335,500,423,77
greedy_GLM,5,5,3312,2991,321,600,509,91
greedy_GLM,5,6,3212,2920,292,700,580,120
greedy_GLM,5,7,3112,2846,266,800,654,146
greedy_GLM,5,8,3012,2766,246,900,734,166
greedy_GLM,5,9,2912,2686,226,1000,814,186
greedy_GLM,5,10,2812,2603,209,1100,897,203
greedy_GLM,5,11,2712,2523,189,1200,977,223
greedy_GLM,5,12,2612,2440,172,1300,1060,240
greedy_GLM,5,13,2512,2354,158,1400,1146,254
greedy_GLM,5,14,2412,2272,140,1500,1228,272
greedy_GLM,5,15,2312,2189,123,1600,1311,289
greedy_GLM,5,16,2212,2107,105,1700,1393,307
greedy_GLM,5,17,2112,2020,92,1800,1480,320
greedy_GLM,5,18,2012,1928,84,1900,1572,328
greedy_GLM,5,19,1912,1841,71,2000,1659,341
greedy_GLM,5,20,1812,1748,64,2100,1752,348
greedy_GLM,5,21,1712,1653,59,2200,1847,353
greedy_GLM,5,22,1612,1560,52,2300,1940,360
greedy_GLM,5,23,1512,1472,40,2400,2028,372
greedy_GLM,5,24,1412,1385,27,2500,2115,385
greedy_GLM,5,25,1312,1296,16,2600,2204,396
greedy_GLM,5,26,1212,1204,8,2700,2296,404
greedy_GLM,5,27,1112,1108,4,2800,2392,408
greedy_GLM,5,28,1012,1010,2,2900,2490,410
greedy_GLM,5,29,912,910,2,3000,2590,410
greedy_GLM,5,30,812,810,2,3100,2690,410
greedy_GLM,5,31,712,712,0,3200,2788,412
greedy_GLM,5,32,612,612,0,3300,2888,412
greedy_GLM,5,33,512,512,0,3400,2988,412
greedy_GLM,5,34,412,412,0,3500,3088,412
greedy_GLM,5,35,312,312,0,3600,3188,412
greedy_GLM,5,36,212,212,0,3700,3288,412
greedy_GLM,5,37,112,112,0,3800,3388,412
greedy_GLM,5,38,12,12,0,3900,3488,412
greedy_GLM,5,39,0,0,0,3912,3500,412
greedy_GLM,6,0,3812,3396,416,100,91,9
greedy_GLM,6,1,3712,3308,404,200,179,21
greedy_GLM,6,2,3612,3224,388,300,263,37
greedy_GLM,6,3,3512,3162,350,400,325,75
greedy_GLM,6,4,3412,3081,331,500,406,94
greedy_GLM,6,5,3312,3003,309,600,484,116
greedy_GLM,6,6,3212,2931,281,700,556,144
greedy_GLM,6,7,3112,2849,263,800,638,162
greedy_GLM,6,8,3012,2773,239,900,714,186
greedy_GLM,6,9,2912,2695,217,1000,792,208
greedy_GLM,6,10,2812,2617,195,1100,870,230
greedy_GLM,6,11,2712,2536,176,1200,951,249
greedy_GLM,6,12,2612,2456,156,1300,1031,269
greedy_GLM,6,13,2512,2374,138,1400,1113,287
greedy_GLM,6,14,2412,2287,125,1500,1200,300
greedy_GLM,6,15,2312,2202,110,1600,1285,315
greedy_GLM,6,16,2212,2113,99,1700,1374,326
greedy_GLM,6,17,2112,2025,87,1800,1462,338
greedy_GLM,6,18,2012,1932,80,1900,1555,345
greedy_GLM,6,19,1912,1841,71,2000,1646,354
greedy_GLM,6,20,1812,1751,61,2100,1736,364
greedy_GLM,6,21,1712,1658,54,2200,1829,371
greedy_GLM,6,22,1612,1569,43,2300,1918,382
greedy_GLM,6,23,1512,1479,33,2400,2008,392
greedy_GLM,6,24,1412,1390,22,2500,2097,403
greedy_GLM,6,25,1312,1298,14,2600,2189,411
greedy_GLM,6,26,1212,1202,10,2700,2285,415
greedy_GLM,6,27,1112,1106,6,2800,2381,419
greedy_GLM,6,28,1012,1010,2,2900,2477,423
greedy_GLM,6,29,912,911,1,3000,2576,424
greedy_GLM,6,30,812,811,1,3100,2676,424
greedy_GLM,6,31,712,712,0,3200,2775,425
greedy_GLM,6,32,612,612,0,3300,2875,425
greedy_GLM,6,33,512,512,0,3400,2975,425
greedy_GLM,6,34,412,412,0,3500,3075,425
greedy_GLM,6,35,312,312,0,3600,3175,425
greedy_GLM,6,36,212,212,0,3700,3275,425
greedy_GLM,6,37,112,112,0,3800,3375,425
greedy_GLM,6,38,12,12,0,3900,3475,425
greedy_GLM,6,39,0,0,0,3912,3487,425
greedy_GLM,7,0,3812,3423,389,100,95,5
greedy_GLM,7,1,3712,3329,383,200,189,11
greedy_GLM,7,2,3612,3238,374,300,280,20
greedy_GLM,7,3,3512,3170,342,400,348,52
greedy_GLM,7,4,3412,3101,311,500,417,83
greedy_GLM,7,5,3312,3021,291,600,497,103
greedy_GLM,7,6,3212,2942,270,700,576,124
greedy_GLM,7,7,3112,2870,242,800,648,152
greedy_GLM,7,8,3012,2795,217,900,723,177
greedy_GLM,7,9,2912,2712,200,1000,806,194
greedy_GLM,7,10,2812,2631,181,1100,887,213
greedy_GLM,7,11,2712,2549,163,1200,969,231
greedy_GLM,7,12,2612,2461,151,1300,1057,243
greedy_GLM,7,13,2512,2374,138,1400,1144,256
greedy_GLM,7,14,2412,2287,125,1500,1231,269
greedy_GLM,7,15,2312,2202,110,1600,1316,284
greedy_GLM,7,16,2212,2114,98,1700,1404,296
greedy_GLM,7,17,2112,2025,87,1800,1493,307
greedy_GLM,7,18,2012,1936,76,1900,1582,318
greedy_GLM,7,19,1912,1845,67,2000,1673,327
greedy_GLM,7,20,1812,1758,54,2100,1760,340
greedy_GLM,7,21,1712,1662,50,2200,1856,344
greedy_GLM,7,22,1612,1569,43,2300,1949,351
greedy_GLM,7,23,1512,1483,29,2400,2035,365
greedy_GLM,7,24,1412,1395,17,2500,2123,377
greedy_GLM,7,25,1312,1301,11,2600,2217,383
greedy_GLM,7,26,1212,1204,8,2700,2314,386
greedy_GLM,7,27,1112,1107,5,2800,2411,389
greedy_GLM,7,28,1012,1008,4,2900,2510,390
greedy_GLM,7,29,912,909,3,3000,2609,391
greedy_GLM,7,30,812,810,2,3100,2708,392
greedy_GLM,7,31,712,711,1,3200,2807,393
greedy_GLM,7,32,612,611,1,3300,2907,393
greedy_GLM,7,33,512,512,0,3400,3006,394
greedy_GLM,7,34,412,412,0,3500,3106,394
greedy_GLM,7,35,312,312,0,3600,3206,394
greedy_GLM,7,36,212,212,0,3700,3306,394
greedy_GLM,7,37,112,112,0,3800,3406,394
greedy_GLM,7,38,12,12,0,3900,3506,394
greedy_GLM,7,39,0,0,0,3912,3518,394
greedy_GLM,8,0,3812,3428,384,100,89,11
greedy_GLM,8,1,3712,3339,373,200,178,22
greedy_GLM,8,2,3612,3262,350,300,255,45
greedy_GLM,8,3,3512,3190,322,400,327,73
greedy_GLM,8,4,3412,3113,299,500,404,96
greedy_GLM,8,5,3312,3032,280,600,485,115
greedy_GLM,8,6,3212,2947,265,700,570,130
greedy_GLM,8,7,3112,2869,243,800,648,152
greedy_GLM,8,8,3012,2788,224,900,729,171
greedy_GLM,8,9,2912,2706,206,1000,811,189
greedy_GLM,8,10,2812,2615,197,1100,902,198
greedy_GLM,8,11,2712,2537,175,1200,980,220
greedy_GLM,8,12,2612,2453,159,1300,1064,236
greedy_GLM,8,13,2512,2367,145,1400,1150,250
greedy_GLM,8,14,2412,2287,125,1500,1230,270
greedy_GLM,8,15,2312,2206,106,1600,1311,289
greedy_GLM,8,16,2212,2121,91,1700,1396,304
greedy_GLM,8,17,2112,2032,80,1800,1485,315
greedy_GLM,8,18,2012,1939,73,1900,1578,322
greedy_GLM,8,19,1912,1848,64,2000,1669,331
greedy_GLM,8,20,1812,1752,60,2100,1765,335
greedy_GLM,8,21,1712,1661,51,2200,1856,344
greedy_GLM,8,22,1612,1572,40,2300,1945,355
greedy_GLM,8,23,1512,1484,28,2400,2033,367
greedy_GLM,8,24,1412,1395,17,2500,2122,378
greedy_GLM,8,25,1312,1302,10,2600,2215,385
greedy_GLM,8,26,1212,1206,6,2700,2311,389
greedy_GLM,8,27,1112,1109,3,2800,2408,392
greedy_GLM,8,28,1012,1010,2,2900,2507,393
greedy_GLM,8,29,912,910,2,3000,2607,393
greedy_GLM,8,30,812,811,1,3100,2706,394
greedy_GLM,8,31,712,711,1,3200,2806,394
greedy_GLM,8,32,612,611,1,3300,2906,394
greedy_GLM,8,33,512,511,1,3400,3006,394
greedy_GLM,8,34,412,412,0,3500,3105,395
greedy_GLM,8,35,312,312,0,3600,3205,395
greedy_GLM,8,36,212,212,0,3700,3305,395
greedy_GLM,8,37,112,112,0,3800,3405,395
greedy_GLM,8,38,12,12,0,3900,3505,395
greedy_GLM,8,39,0,0,0,3912,3517,395
greedy_GLM,9,0,3812,3417,395,100,91,9
greedy_GLM,9,1,3712,3324,388,200,184,16
greedy_GLM,9,2,3612,3246,366,300,262,38
greedy_GLM,9,3,3512,3168,344,400,340,60
greedy_GLM,9,4,3412,3094,318,500,414,86
greedy_GLM,9,5,3312,3014,298,600,494,106
greedy_GLM,9,6,3212,2939,273,700,569,131
greedy_GLM,9,7,3112,2862,250,800,646,154
greedy_GLM,9,8,3012,2785,227,900,723,177
greedy_GLM,9,9,2912,2703,209,1000,805,195
greedy_GLM,9,10,2812,2619,193,1100,889,211
greedy_GLM,9,11,2712,2540,172,1200,968,232
greedy_GLM,9,12,2612,2456,156,1300,1052,248
greedy_GLM,9,13,2512,2368,144,1400,1140,260
greedy_GLM,9,14,2412,2281,131,1500,1227,273
greedy_GLM,9,15,2312,2192,120,1600,1316,284
greedy_GLM,9,16,2212,2104,108,1700,1404,296
greedy_GLM,9,17,2112,2014,98,1800,1494,306
greedy_GLM,9,18,2012,1932,80,1900,1576,324
greedy_GLM,9,19,1912,1840,72,2000,1668,332
greedy_GLM,9,20,1812,1751,61,2100,1757,343
greedy_GLM,9,21,1712,1662,50,2200,1846,354
greedy_GLM,9,22,1612,1575,37,2300,1933,367
greedy_GLM,9,23,1512,1488,24,2400,2020,380
greedy_GLM,9,24,1412,1397,15,2500,2111,389
greedy_GLM,9,25,1312,1300,12,2600,2208,392
greedy_GLM,9,26,1212,1204,8,2700,2304,396
greedy_GLM,9,27,1112,1108,4,2800,2400,400
greedy_GLM,9,28,1012,1009,3,2900,2499,401
greedy_GLM,9,29,912,909,3,3000,2599,401
greedy_GLM,9,30,812,810,2,3100,2698,402
greedy_GLM,9,31,712,710,2,3200,2798,402
greedy_GLM,9,32,612,611,1,3300,2897,403
greedy_GLM,9,33,512,512,0,3400,2996,404
greedy_GLM,9,34,412,412,0,3500,3096,404
greedy_GLM,9,35,312,312,0,3600,3196,404
greedy_GLM,9,36,212,212,0,3700,3296,404
greedy_GLM,9,37,112,112,0,3800,3396,404
greedy_GLM,9,38,12,12,0,3900,3496,404
greedy_GLM,9,39,0,0,0,3912,3508,404
greedy_GLM,10,0,3812,3411,401,100,89,11
greedy_GLM,10,1,3712,3335,377,200,165,35
greedy_GLM,10,2,3612,3243,369,300,257,43
greedy_GLM,10,3,3512,3157,355,400,343,57
greedy_GLM,10,4,3412,3083,329,500,417,83
greedy_GLM,10,5,3312,3006,306,600,494,106
greedy_GLM,10,6,3212,2928,284,700,572,128
greedy_GLM,10,7,3112,2854,258,800,646,154
greedy_GLM,10,8,3012,2779,233,900,721,179
greedy_GLM,10,9,2912,2695,217,1000,805,195
greedy_GLM,10,10,2812,2611,201,1100,889,211
greedy_GLM,10,11,2712,2531,181,1200,969,231
greedy_GLM,10,12,2612,2451,161,1300,1049,251
greedy_GLM,10,13,2512,2365,147,1400,1135,265
greedy_GLM,10,14,2412,2278,134,1500,1222,278
greedy_GLM,10,15,2312,2198,114,1600,1302,298
greedy_GLM,10,16,2212,2110,102,1700,1390,310
greedy_GLM,10,17,2112,2025,87,1800,1475,325
greedy_GLM,10,18,2012,1933,79,1900,1567,333
greedy_GLM,10,19,1912,1840,72,2000,1660,340
greedy_GLM,10,20,1812,1754,58,2100,1746,354
greedy_GLM,10,21,1712,1665,47,2200,1835,365
greedy_GLM,10,22,1612,1582,30,2300,1918,382
greedy_GLM,10,23,1512,1492,20,2400,2008,392
greedy_GLM,10,24,1412,1397,15,2500,2103,397
greedy_GLM,10,25,1312,1303,9,2600,2197,403
greedy_GLM,10,26,1212,1211,1,2700,2289,411
greedy_GLM,10,27,1112,1111,1,2800,2389,411
greedy_GLM,10,28,1012,1011,1,2900,2489,411
greedy_GLM,10,29,912,911,1,3000,2589,411
greedy_GLM,10,30,812,811,1,3100,2689,411
greedy_GLM,10,31,712,711,1,3200,2789,411
greedy_GLM,10,32,612,611,1,3300,2889,411
greedy_GLM,10,33,512,512,0,3400,2988,412
greedy_GLM,10,34,412,412,0,3500,3088,412
greedy_GLM,10,35,312,312,0,3600,3188,412
greedy_GLM,10,36,212,212,0,3700,3288,412
greedy_GLM,10,37,112,112,0,3800,3388,412
greedy_GLM,10,38,12,12,0,3900,3488,412
greedy_GLM,10,39,0,0,0,3912,3500,412
greedy_GLM,11,0,3812,3410,402,100,94,6
greedy_GLM,11,1,3712,3313,399,200,191,9
greedy_GLM,11,2,3612,3218,394,300,286,14
greedy_GLM,11,3,3512,3143,369,400,361,39
greedy_GLM,11,4,3412,3073,339,500,431,69
greedy_GLM,11,5,3312,2996,316,600,508,92
greedy_GLM,11,6,3212,2918,294,700,586,114
greedy_GLM,11,7,3112,2831,281,800,673,127
greedy_GLM,11,8,3012,2750,262,900,754,146
greedy_GLM,11,9,2912,2669,243,1000,835,165
greedy_GLM,11,10,2812,2590,222,1100,914,186
greedy_GLM,11,11,2712,2512,200,1200,992,208
greedy_GLM,11,12,2612,2439,173,1300,1065,235
greedy_GLM,11,13,2512,2350,162,1400,1154,246
greedy_GLM,11,14,2412,2262,150,1500,1242,258
greedy_GLM,11,15,2312,2179,133,1600,1325,275
greedy_GLM,11,16,2212,2098,114,1700,1406,294
greedy_GLM,11,17,2112,2009,103,1800,1495,305
greedy_GLM,11,18,2012,1921,91,1900,1583,317
greedy_GLM,11,19,1912,1835,77,2000,1669,331
greedy_GLM,11,20,1812,1742,70,2100,1762,338
greedy_GLM,11,21,1712,1652,60,2200,1852,348
greedy_GLM,11,22,1612,1561,51,2300,1943,357
greedy_GLM,11,23,1512,1475,37,2400,2029,371
greedy_GLM,11,24,1412,1393,19,2500,2111,389
greedy_GLM,11,25,1312,1298,14,2600,2206,394
greedy_GLM,11,26,1212,1203,9,2700,2301,399
greedy_GLM,11,27,1112,1109,3,2800,2395,405
greedy_GLM,11,28,1012,1009,3,2900,2495,405
greedy_GLM,11,29,912,909,3,3000,2595,405
greedy_GLM,11,30,812,811,1,3100,2693,407
greedy_GLM,11,31,712,711,1,3200,2793,407
greedy_GLM,11,32,612,611,1,3300,2893,407
greedy_GLM,11,33,512,511,1,3400,2993,407
greedy_GLM,11,34,412,412,0,3500,3092,408
greedy_GLM,11,35,312,312,0,3600,3192,408
greedy_GLM,11,36,212,212,0,3700,3292,408
greedy_GLM,11,37,112,112,0,3800,3392,408
greedy_GLM,11,38,12,12,0,3900,3492,408
greedy_GLM,11,39,0,0,0,3912,3504,408
greedy_GLM,12,0,3812,3429,383,100,83,17
greedy_GLM,12,1,3712,3351,361,200,161,39
greedy_GLM,12,2,3612,3271,341,300,241,59
greedy_GLM,12,3,3512,3186,326,400,326,74
greedy_GLM,12,4,3412,3120,292,500,392,108
greedy_GLM,12,5,3312,3045,267,600,467,133
greedy_GLM,12,6,3212,2967,245,700,545,155
greedy_GLM,12,7,3112,2887,225,800,625,175
greedy_GLM,12,8,3012,2808,204,900,704,196
greedy_GLM,12,9,2912,2722,190,1000,790,210
greedy_GLM,12,10,2812,2636,176,1100,876,224
greedy_GLM,12,11,2712,2551,161,1200,961,239
greedy_GLM,12,12,2612,2462,150,1300,1050,250
greedy_GLM,12,13,2512,2376,136,1400,1136,264
greedy_GLM,12,14,2412,2297,115,1500,1215,285
greedy_GLM,12,15,2312,2214,98,1600,1298,302
greedy_GLM,12,16,2212,2123,89,1700,1389,311
greedy_GLM,12,17,2112,2031,81,1800,1481,319
greedy_GLM,12,18,2012,1941,71,1900,1571,329
greedy_GLM,12,19,1912,1847,65,2000,1665,335
greedy_GLM,12,20,1812,1752,60,2100,1760,340
greedy_GLM,12,21,1712,1661,51,2200,1851,349
greedy_GLM,12,22,1612,1572,40,2300,1940,360
greedy_GLM,12,23,1512,1480,32,2400,2032,368
greedy_GLM,12,24,1412,1394,18,2500,2118,382
greedy_GLM,12,25,1312,1296,16,2600,2216,384
greedy_GLM,12,26,1212,1203,9,2700,2309,391
greedy_GLM,12,27,1112,1107,5,2800,2405,395
greedy_GLM,12,28,1012,1010,2,2900,2502,398
greedy_GLM,12,29,912,911,1,3000,2601,399
greedy_GLM,12,30,812,812,0,3100,2700,400
greedy_GLM,12,31,712,712,0,3200,2800,400
greedy_GLM,12,32,612,612,0,3300,2900,400
greedy_GLM,12,33,512,512,0,3400,3000,400
greedy_GLM,12,34,412,412,0,3500,3100,400
greedy_GLM,12,35,312,312,0,3600,3200,400
greedy_GLM,12,36,212,212,0,3700,3300,400
greedy_GLM,12,37,112,112,0,3800,3400,400
greedy_GLM,12,38,12,12,0,3900,3500,400
greedy_GLM,12,39,0,0,0,3912,3512,400
greedy_GLM,13,0,3812,3427,385,100,90,10
greedy_GLM,13,1,3712,3332,380,200,185,15
greedy_GLM,13,2,3612,3242,370,300,275,25
greedy_GLM,13,3,3512,3157,355,400,360,40
greedy_GLM,13,4,3412,3087,325,500,430,70
greedy_GLM,13,5,3312,3015,297,600,502,98
greedy_GLM,13,6,3212,2940,272,700,577,123
greedy_GLM,13,7,3112,2861,251,800,656,144
greedy_GLM,13,8,3012,2780,232,900,737,163
greedy_GLM,13,9,2912,2697,215,1000,820,180
greedy_GLM,13,10,2812,2615,197,1100,902,198
greedy_GLM,13,11,2712,2535,177,1200,982,218
greedy_GLM,13,12,2612,2453,159,1300,1064,236
greedy_GLM,13,13,2512,2370,142,1400,1147,253
greedy_GLM,13,14,2412,2283,129,1500,1234,266
greedy_GLM,13,15,2312,2195,117,1600,1322,278
greedy_GLM,13,16,2212,2110,102,1700,1407,293
greedy_GLM,13,17,2112,2019,93,1800,1498,302
greedy_GLM,13,18,2012,1931,81,1900,1586,314
greedy_GLM,13,19,1912,1843,69,2000,1674,326
greedy_GLM,13,20,1812,1758,54,2100,1759,341
greedy_GLM,13,21,1712,1663,49,2200,1854,346
greedy_GLM,13,22,1612,1573,39,2300,1944,356
greedy_GLM,13,23,1512,1489,23,2400,2028,372
greedy_GLM,13,24,1412,1396,16,2500,2121,379
greedy_GLM,13,25,1312,1300,12,2600,2217,383
greedy_GLM,13,26,1212,1206,6,2700,2311,389
greedy_GLM,13,27,1112,1110,2,2800,2407,393
greedy_GLM,13,28,1012,1010,2,2900,2507,393
greedy_GLM,13,29,912,911,1,3000,2606,394
greedy_GLM,13,30,812,811,1,3100,2706,394
greedy_GLM,13,31,712,711,1,3200,2806,394
greedy_GLM,13,32,612,612,0,3300,2905,395
greedy_GLM,13,33,512,512,0,3400,3005,395
greedy_GLM,13,34,412,412,0,3500,3105,395
greedy_GLM,13,35,312,312,0,3600,3205,395
greedy_GLM,13,36,212,212,0,3700,3305,395
greedy_GLM,13,37,112,112,0,3800,3405,395
greedy_GLM,13,38,12,12,0,3900,3505,395
greedy_GLM,13,39,0,0,0,3912,3517,395
greedy_GLM,14,0,3812,3414,398,100,87,13
greedy_GLM,14,1,3712,3321,391,200,180,20
greedy_GLM,14,2,3612,3235,377,300,266,34
greedy_GLM,14,3,3512,3167,345,400,334,66
greedy_GLM,14,4,3412,3087,325,500,414,86
greedy_GLM,14,5,3312,3005,307,600,496,104
greedy_GLM,14,6,3212,2922,290,700,579,121
greedy_GLM,14,7,3112,2848,264,800,653,147
greedy_GLM,14,8,3012,2770,242,900,731,169
greedy_GLM,14,9,2912,2687,225,1000,814,186
greedy_GLM,14,10,2812,2613,199,1100,888,212
greedy_GLM,14,11,2712,2533,179,1200,968,232
greedy_GLM,14,12,2612,2452,160,1300,1049,251
greedy_GLM,14,13,2512,2367,145,1400,1134,266
greedy_GLM,14,14,2412,2283,129,1500,1218,282
greedy_GLM,14,15,2312,2200,112,1600,1301,299
greedy_GLM,14,16,2212,2112,100,1700,1389,311
greedy_GLM,14,17,2112,2026,86,1800,1475,325
greedy_GLM,14,18,2012,1937,75,1900,1564,336
greedy_GLM,14,19,1912,1848,64,2000,1653,347
greedy_GLM,14,20,1812,1756,56,2100,1745,355
greedy_GLM,14,21,1712,1662,50,2200,1839,361
greedy_GLM,14,22,1612,1572,40,2300,1929,371
greedy_GLM,14,23,1512,1485,27,2400,2016,384
greedy_GLM,14,24,1412,1395,17,2500,2106,394
greedy_GLM,14,25,1312,1299,13,2600,2202,398
greedy_GLM,14,26,1212,1205,7,2700,2296,404
greedy_GLM,14,27,1112,1109,3,2800,2392,408
greedy_GLM,14,28,1012,1009,3,2900,2492,408
greedy_GLM,14,29,912,911,1,3000,2590,410
greedy_GLM,14,30,812,811,1,3100,2690,410
greedy_GLM,14,31,712,711,1,3200,2790,410
greedy_GLM,14,32,612,611,1,3300,2890,410
greedy_GLM,14,33,512,512,0,3400,2989,411
greedy_GLM,14,34,412,412,0,3500,3089,411
greedy_GLM,14,35,312,312,0,3600,3189,411
greedy_GLM,14,36,212,212,0,3700,3289,411
greedy_GLM,14,37,112,112,0,3800,3389,411
greedy_GLM,14,38,12,12,0,3900,3489,411
greedy_GLM,14,39,0,0,0,3912,3501,411
greedy_GLM,15,0,3812,3411,401,100,88,12
greedy_GLM,15,1,3712,3323,389,200,176,24
greedy_GLM,15,2,3612,3248,364,300,251,49
greedy_GLM,15,3,3512,3167,345,400,332,68
greedy_GLM,15,4,3412,3093,319,500,406,94
greedy_GLM,15,5,3312,3014,298,600,485,115
greedy_GLM,15,6,3212,2934,278,700,565,135
greedy_GLM,15,7,3112,2859,253,800,640,160
greedy_GLM,15,8,3012,2781,231,900,718,182
greedy_GLM,15,9,2912,2705,207,1000,794,206
greedy_GLM,15,10,2812,2624,188,1100,875,225
greedy_GLM,15,11,2712,2539,173,1200,960,240
greedy_GLM,15,12,2612,2453,159,1300,1046,254
greedy_GLM,15,13,2512,2370,142,1400,1129,271
greedy_GLM,15,14,2412,2285,127,1500,1214,286
greedy_GLM,15,15,2312,2198,114,1600,1301,299
greedy_GLM,15,16,2212,2110,102,1700,1389,311
greedy_GLM,15,17,2112,2026,86,1800,1473,327
greedy_GLM,15,18,2012,1932,80,1900,1567,333
greedy_GLM,15,19,1912,1840,72,2000,1659,341
greedy_GLM,15,20,1812,1749,63,2100,1750,350
greedy_GLM,15,21,1712,1660,52,2200,1839,361
greedy_GLM,15,22,1612,1569,43,2300,1930,370
greedy_GLM,15,23,1512,1482,30,2400,2017,383
greedy_GLM,15,24,1412,1396,16,2500,2103,397
greedy_GLM,15,25,1312,1300,12,2600,2199,401
greedy_GLM,15,26,1212,1205,7,2700,2294,406
greedy_GLM,15,27,1112,1110,2,2800,2389,411
greedy_GLM,15,28,1012,1011,1,2900,2488,412
greedy_GLM,15,29,912,911,1,3000,2588,412
greedy_GLM,15,30,812,811,1,3100,2688,412
greedy_GLM,15,31,712,712,0,3200,2787,413
greedy_GLM,15,32,612,612,0,3300,2887,413
greedy_GLM,15,33,512,512,0,3400,2987,413
greedy_GLM,15,34,412,412,0,3500,3087,413
greedy_GLM,15,35,312,312,0,3600,3187,413
greedy_GLM,15,36,212,212,0,3700,3287,413
greedy_GLM,15,37,112,112,0,3800,3387,413
greedy_GLM,15,38,12,12,0,3900,3487,413
greedy_GLM,15,39,0,0,0,3912,3499,413
greedy_GLM,16,0,3812,3417,395,100,93,7
greedy_GLM,16,1,3712,3329,383,200,181,19
greedy_GLM,16,2,3612,3254,358,300,256,44
greedy_GLM,16,3,3512,3179,333,400,331,69
greedy_GLM,16,4,3412,3105,307,500,405,95
greedy_GLM,16,5,3312,3032,280,600,478,122
greedy_GLM,16,6,3212,2946,266,700,564,136
greedy_GLM,16,7,3112,2864,248,800,646,154
greedy_GLM,16,8,3012,2782,230,900,728,172
greedy_GLM,16,9,2912,2703,209,1000,807,193
greedy_GLM,16,10,2812,2621,191,1100,889,211
greedy_GLM,16,11,2712,2539,173,1200,971,229
greedy_GLM,16,12,2612,2456,156,1300,1054,246
greedy_GLM,16,13,2512,2373,139,1400,1137,263
greedy_GLM,16,14,2412,2284,128,1500,1226,274
greedy_GLM,16,15,2312,2200,112,1600,1310,290
greedy_GLM,16,16,2212,2115,97,1700,1395,305
greedy_GLM,16,17,2112,2024,88,1800,1486,314
greedy_GLM,16,18,2012,1934,78,1900,1576,324
greedy_GLM,16,19,1912,1841,71,2000,1669,331
greedy_GLM,16,20,1812,1749,63,2100,1761,339
greedy_GLM,16,21,1712,1657,55,2200,1853,347
greedy_GLM,16,22,1612,1566,46,2300,1944,356
greedy_GLM,16,23,1512,1479,33,2400,2031,369
greedy_GLM,16,24,1412,1392,20,2500,2118,382
greedy_GLM,16,25,1312,1300,12,2600,2210,390
greedy_GLM,16,26,1212,1206,6,2700,2304,396
greedy_GLM,16,27,1112,1110,2,2800,2400,400
greedy_GLM,16,28,1012,1011,1,2900,2499,401
greedy_GLM,16,29,912,911,1,3000,2599,401
greedy_GLM,16,30,812,811,1,3100,2699,401
greedy_GLM,16,31,712,712,0,3200,2798,402
greedy_GLM,16,32,612,612,0,3300,2898,402
greedy_GLM,16,33,512,512,0,3400,2998,402
greedy_GLM,16,34,412,412,0,3500,3098,402
greedy_GLM,16,35,312,312,0,3600,3198,402
greedy_GLM,16,36,212,212,0,3700,3298,402
greedy_GLM,16,37,112,112,0,3800,3398,402
greedy_GLM,16,38,12,12,0,3900,3498,402
greedy_GLM,16,39,0,0,0,3912,3510,402
greedy_GLM,17,0,3812,3410,402,100,92,8
greedy_GLM,17,1,3712,3314,398,200,188,12
greedy_GLM,17,2,3612,3242,370,300,260,40
greedy_GLM,17,3,3512,3154,358,400,348,52
greedy_GLM,17,4,3412,3086,326,500,416,84
greedy_GLM,17,5,3312,3005,307,600,497,103
greedy_GLM,17,6,3212,2925,287,700,577,123
greedy_GLM,17,7,3112,2846,266,800,656,144
greedy_GLM,17,8,3012,2768,244,900,734,166
greedy_GLM,17,9,2912,2689,223,1000,813,187
greedy_GLM,17,10,2812,2606,206,1100,896,204
greedy_GLM,17,11,2712,2518,194,1200,984,216
greedy_GLM,17,12,2612,2435,177,1300,1067,233
greedy_GLM,17,13,2512,2345,167,1400,1157,243
greedy_GLM,17,14,2412,2264,148,1500,1238,262
greedy_GLM,17,15,2312,2178,134,1600,1324,276
greedy_GLM,17,16,2212,2096,116,1700,1406,294
greedy_GLM,17,17,2112,2011,101,1800,1491,309
greedy_GLM,17,18,2012,1922,90,1900,1580,320
greedy_GLM,17,19,1912,1836,76,2000,1666,334
greedy_GLM,17,20,1812,1744,68,2100,1758,342
greedy_GLM,17,21,1712,1654,58,2200,1848,352
greedy_GLM,17,22,1612,1568,44,2300,1934,366
greedy_GLM,17,23,1512,1478,34,2400,2024,376
greedy_GLM,17,24,1412,1387,25,2500,2115,385
greedy_GLM,17,25,1312,1294,18,2600,2208,392
greedy_GLM,17,26,1212,1205,7,2700,2297,403
greedy_GLM,17,27,1112,1108,4,2800,2394,406
greedy_GLM,17,28,1012,1008,4,2900,2494,406
greedy_GLM,17,29,912,911,1,3000,2591,409
greedy_GLM,17,30,812,812,0,3100,2690,410
greedy_GLM,17,31,712,712,0,3200,2790,410
greedy_GLM,17,32,612,612,0,3300,2890,410
greedy_GLM,17,33,512,512,0,3400,2990,410
greedy_GLM,17,34,412,412,0,3500,3090,410
greedy_GLM,17,35,312,312,0,3600,3190,410
greedy_GLM,17,36,212,212,0,3700,3290,410
greedy_GLM,17,37,112,112,0,3800,3390,410
greedy_GLM,17,38,12,12,0,3900,3490,410
greedy_GLM,17,39,0,0,0,3912,3502,410
greedy_GLM,18,0,3812,3418,394,100,89,11
greedy_GLM,18,1,3712,3322,390,200,185,15
greedy_GLM,18,2,3612,3234,378,300,273,27
greedy_GLM,18,3,3512,3169,343,400,338,62
greedy_GLM,18,4,3412,3095,317,500,412,88
greedy_GLM,18,5,3312,3008,304,600,499,101
greedy_GLM,18,6,3212,2925,287,700,582,118
greedy_GLM,18,7,3112,2848,264,800,659,141
greedy_GLM,18,8,3012,2768,244,900,739,161
greedy_GLM,18,9,2912,2684,228,1000,823,177
greedy_GLM,18,10,2812,2601,211,1100,906,194
greedy_GLM,18,11,2712,2524,188,1200,983,217
greedy_GLM,18,12,2612,2445,167,1300,1062,238
greedy_GLM,18,13,2512,2359,153,1400,1148,252
greedy_GLM,18,14,2412,2279,133,1500,1228,272
greedy_GLM,18,15,2312,2193,119,1600,1314,286
greedy_GLM,18,16,2212,2106,106,1700,1401,299
greedy_GLM,18,17,2112,2016,96,1800,1491,309
greedy_GLM,18,18,2012,1929,83,1900,1578,322
greedy_GLM,18,19,1912,1840,72,2000,1667,333
greedy_GLM,18,20,1812,1747,65,2100,1760,340
greedy_GLM,18,21,1712,1657,55,2200,1850,350
greedy_GLM,18,22,1612,1569,43,2300,1938,362
greedy_GLM,18,23,1512,1483,29,2400,2024,376
greedy_GLM,18,24,1412,1399,13,2500,2108,392
greedy_GLM,18,25,1312,1306,6,2600,2201,399
greedy_GLM,18,26,1212,1208,4,2700,2299,401
greedy_GLM,18,27,1112,1109,3,2800,2398,402
greedy_GLM,18,28,1012,1009,3,2900,2498,402
greedy_GLM,18,29,912,910,2,3000,2597,403
greedy_GLM,18,30,812,811,1,3100,2696,404
greedy_GLM,18,31,712,712,0,3200,2795,405
greedy_GLM,18,32,612,612,0,3300,2895,405
greedy_GLM,18,33,512,512,0,3400,2995,405
greedy_GLM,18,34,412,412,0,3500,3095,405
greedy_GLM,18,35,312,312,0,3600,3195,405
greedy_GLM,18,36,212,212,0,3700,3295,405
greedy_GLM,18,37,112,112,0,3800,3395,405
greedy_GLM,18,38,12,12,0,3900,3495,405
greedy_GLM,18,39,0,0,0,3912,3507,405
greedy_GLM,19,0,3812,3396,416,100,94,6
greedy_GLM,19,1,3712,3305,407,200,185,15
greedy_GLM,19,2,3612,3222,390,300,268,32
greedy_GLM,19,3,3512,3143,369,400,347,53
greedy_GLM,19,4,3412,3060,352,500,430,70
greedy_GLM,19,5,3312,2982,330,600,508,92
greedy_GLM,19,6,3212,2913,299,700,577,123
greedy_GLM,19,7,3112,2837,275,800,653,147
greedy_GLM,19,8,3012,2756,256,900,734,166
greedy_GLM,19,9,2912,2676,236,1000,814,186
greedy_GLM,19,10,2812,2596,216,1100,894,206
greedy_GLM,19,11,2712,2503,209,1200,987,213
greedy_GLM,19,12,2612,2427,185,1300,1063,237
greedy_GLM,19,13,2512,2338,174,1400,1152,248
greedy_GLM,19,14,2412,2258,154,1500,1232,268
greedy_GLM,19,15,2312,2179,133,1600,1311,289
greedy_GLM,19,16,2212,2098,114,1700,1392,308
greedy_GLM,19,17,2112,2010,102,1800,1480,320
greedy_GLM,19,18,2012,1920,92,1900,1570,330
greedy_GLM,19,19,1912,1833,79,2000,1657,343
greedy_GLM,19,20,1812,1743,69,2100,1747,353
greedy_GLM,19,21,1712,1650,62,2200,1840,360
greedy_GLM,19,22,1612,1565,47,2300,1925,375
greedy_GLM,19,23,1512,1475,37,2400,2015,385
greedy_GLM,19,24,1412,1387,25,2500,2103,397
greedy_GLM,19,25,1312,1298,14,2600,2192,408
greedy_GLM,19,26,1212,1207,5,2700,2283,417
greedy_GLM,19,27,1112,1108,4,2800,2382,418
greedy_GLM,19,28,1012,1009,3,2900,2481,419
greedy_GLM,19,29,912,910,2,3000,2580,420
greedy_GLM,19,30,812,811,1,3100,2679,421
greedy_GLM,19,31,712,711,1,3200,2779,421
greedy_GLM,19,32,612,612,0,3300,2878,422
greedy_GLM,19,33,512,512,0,3400,2978,422
greedy_GLM,19,34,412,412,0,3500,3078,422
greedy_GLM,19,35,312,312,0,3600,3178,422
greedy_GLM,19,36,212,212,0,3700,3278,422
greedy_GLM,19,37,112,112,0,3800,3378,422
greedy_GLM,19,38,12,12,0,3900,3478,422
greedy_GLM,19,39,0,0,0,3912,3490,422
greedy_GLM,20,0,3812,3410,402,100,86,14
greedy_GLM,20,1,3712,3323,389,200,173,27
greedy_GLM,20,2,3612,3236,376,300,260,40
greedy_GLM,20,3,3512,3166,346,400,330,70
greedy_GLM,20,4,3412,3090,322,500,406,94
greedy_GLM,20,5,3312,3015,297,600,481,119
greedy_GLM,20,6,3212,2941,271,700,555,145
greedy_GLM,20,7,3112,2856,256,800,640,160
greedy_GLM,20,8,3012,2782,230,900,714,186
greedy_GLM,20,9,2912,2702,210,1000,794,206
greedy_GLM,20,10,2812,2618,194,1100,878,222
greedy_GLM,20,11,2712,2530,182,1200,966,234
greedy_GLM,20,12,2612,2447,165,1300,1049,251
greedy_GLM,20,13,2512,2364,148,1400,1132,268
greedy_GLM,20,14,2412,2279,133,1500,1217,283
greedy_GLM,20,15,2312,2197,115,1600,1299,301
greedy_GLM,20,16,2212,2112,100,1700,1384,316
greedy_GLM,20,17,2112,2023,89,1800,1473,327
greedy_GLM,20,18,2012,1936,76,1900,1560,340
greedy_GLM,20,19,1912,1846,66,2000,1650,350
greedy_GLM,20,20,1812,1756,56,2100,1740,360
greedy_GLM,20,21,1712,1666,46,2200,1830,370
greedy_GLM,20,22,1612,1579,33,2300,1917,383
greedy_GLM,20,23,1512,1489,23,2400,2007,393
greedy_GLM,20,24,1412,1394,18,2500,2102,398
greedy_GLM,20,25,1312,1301,11,2600,2195,405
greedy_GLM,20,26,1212,1206,6,2700,2290,410
greedy_GLM,20,27,1112,1109,3,2800,2387,413
greedy_GLM,20,28,1012,1010,2,2900,2486,414
greedy_GLM,20,29,912,911,1,3000,2585,415
greedy_GLM,20,30,812,811,1,3100,2685,415
greedy_GLM,20,31,712,712,0,3200,2784,416
greedy_GLM,20,32,612,612,0,3300,2884,416
greedy_GLM,20,33,512,512,0,3400,2984,416
greedy_GLM,20,34,412,412,0,3500,3084,416
greedy_GLM,20,35,312,312,0,3600,3184,416
greedy_GLM,20,36,212,212,0,3700,3284,416
greedy_GLM,20,37,112,112,0,3800,3384,416
greedy_GLM,20,38,12,12,0,3900,3484,416
greedy_GLM,20,39,0,0,0,3912,3496,416
eps_greedy_GLM,1,0,3812,3438,374,100,92,8
eps_greedy_GLM,1,1,3712,3356,356,200,174,26
eps_greedy_GLM,1,2,3612,3289,323,300,241,59
eps_greedy_GLM,1,3,3512,3221,291,400,309,91
eps_greedy_GLM,1,4,3412,3152,260,500,378,122
eps_greedy_GLM,1,5,3312,3085,227,600,445,155
eps_greedy_GLM,1,6,3212,3031,181,700,499,201
eps_greedy_GLM,1,7,3112,2966,146,800,564,236
eps_greedy_GLM,1,8,3012,2890,122,900,640,260
eps_greedy_GLM,1,9,2912,2821,91,1000,709,291
eps_greedy_GLM,1,10,2812,2742,70,1100,788,312
eps_greedy_GLM,1,11,2712,2654,58,1200,876,324
eps_greedy_GLM,1,12,2612,2561,51,1300,969,331
eps_greedy_GLM,1,13,2512,2473,39,1400,1057,343
eps_greedy_GLM,1,14,2412,2379,33,1500,1151,349
eps_greedy_GLM,1,15,2312,2288,24,1600,1242,358
eps_greedy_GLM,1,16,2212,2192,20,1700,1338,362
eps_greedy_GLM,1,17,2112,2097,15,1800,1433,367
eps_greedy_GLM,1,18,2012,2000,12,1900,1530,370
eps_greedy_GLM,1,19,1912,1903,9,2000,1627,373
eps_greedy_GLM,1,20,1812,1804,8,2100,1726,374
eps_greedy_GLM,1,21,1712,1705,7,2200,1825,375
eps_greedy_GLM,1,22,1612,1606,6,2300,1924,376
eps_greedy_GLM,1,23,1512,1506,6,2400,2024,376
eps_greedy_GLM,1,24,1412,1406,6,2500,2124,376
eps_greedy_GLM,1,25,1312,1307,5,2600,2223,377
eps_greedy_GLM,1,26,1212,1207,5,2700,2323,377
eps_greedy_GLM,1,27,1112,1108,4,2800,2422,378
eps_greedy_GLM,1,28,1012,1008,4,2900,2522,378
eps_greedy_GLM,1,29,912,909,3,3000,2621,379
eps_greedy_GLM,1,30,812,810,2,3100,2720,380
eps_greedy_GLM,1,31,712,710,2,3200,2820,380
eps_greedy_GLM,1,32,612,610,2,3300,2920,380
eps_greedy_GLM,1,33,512,510,2,3400,3020,380
eps_greedy_GLM,1,34,412,410,2,3500,3120,380
eps_greedy_GLM,1,35,312,311,1,3600,3219,381
eps_greedy_GLM,1,36,212,211,1,3700,3319,381
eps_greedy_GLM,1,37,112,112,0,3800,3418,382
eps_greedy_GLM,1,38,12,12,0,3900,3518,382
eps_greedy_GLM,1,39,0,0,0,3912,3530,382
eps_greedy_GLM,2,0,3812,3426,386,100,87,13
eps_greedy_GLM,2,1,3712,3332,380,200,181,19
eps_greedy_GLM,2,2,3612,3266,346,300,247,53
eps_greedy_GLM,2,3,3512,3197,315,400,316,84
eps_greedy_GLM,2,4,3412,3135,277,500,378,122
eps_greedy_GLM,2,5,3312,3072,240,600,441,159
eps_greedy_GLM,2,6,3212,3005,207,700,508,192
eps_greedy_GLM,2,7,3112,2932,180,800,581,219
eps_greedy_GLM,2,8,3012,2868,144,900,645,255
eps_greedy_GLM,2,9,2912,2792,120,1000,721,279
eps_greedy_GLM,2,10,2812,2728,84,1100,785,315
eps_greedy_GLM,2,11,2712,2643,69,1200,870,330
eps_greedy_GLM,2,12,2612,2554,58,1300,959,341
eps_greedy_GLM,2,13,2512,2466,46,1400,1047,353
eps_greedy_GLM,2,14,2412,2372,40,1500,1141,359
eps_greedy_GLM,2,15,2312,2279,33,1600,1234,366
eps_greedy_GLM,2,16,2212,2184,28,1700,1329,371
eps_greedy_GLM,2,17,2112,2092,20,1800,1421,379
eps_greedy_GLM,2,18,2012,1996,16,1900,1517,383
eps_greedy_GLM,2,19,1912,1899,13,2000,1614,386
eps_greedy_GLM,2,20,1812,1801,11,2100,1712,388
eps_greedy_GLM,2,21,1712,1702,10,2200,1811,389
eps_greedy_GLM,2,22,1612,1604,8,2300,1909,391
eps_greedy_GLM,2,23,1512,1504,8,2400,2009,391
eps_greedy_GLM,2,24,1412,1407,5,2500,2106,394
eps_greedy_GLM,2,25,1312,1308,4,2600,2205,395
eps_greedy_GLM,2,26,1212,1208,4,2700,2305,395
eps_greedy_GLM,2,27,1112,1108,4,2800,2405,395
eps_greedy_GLM,2,28,1012,1009,3,2900,2504,396
eps_greedy_GLM,2,29,912,909,3,3000,2604,396
eps_greedy_GLM,2,30,812,809,3,3100,2704,396
eps_greedy_GLM,2,31,712,709,3,3200,2804,396
eps_greedy_GLM,2,32,612,609,3,3300,2904,396
eps_greedy_GLM,2,33,512,510,2,3400,3003,397
eps_greedy_GLM,2,34,412,410,2,3500,3103,397
eps_greedy_GLM,2,35,312,310,2,3600,3203,397
eps_greedy_GLM,2,36,212,212,0,3700,3301,399
eps_greedy_GLM,2,37,112,112,0,3800,3401,399
eps_greedy_GLM,2,38,12,12,0,3900,3501,399
eps_greedy_GLM,2,39,0,0,0,3912,3513,399
eps_greedy_GLM,3,0,3812,3422,390,100,84,16
eps_greedy_GLM,3,1,3712,3334,378,200,172,28
eps_greedy_GLM,3,2,3612,3259,353,300,247,53
eps_greedy_GLM,3,3,3512,3194,318,400,312,88
eps_greedy_GLM,3,4,3412,3137,275,500,369,131
eps_greedy_GLM,3,5,3312,3061,251,600,445,155
eps_greedy_GLM,3,6,3212,2997,215,700,509,191
eps_greedy_GLM,3,7,3112,2934,178,800,572,228
eps_greedy_GLM,3,8,3012,2864,148,900,642,258
eps_greedy_GLM,3,9,2912,2803,109,1000,703,297
eps_greedy_GLM,3,10,2812,2729,83,1100,777,323
eps_greedy_GLM,3,11,2712,2642,70,1200,864,336
eps_greedy_GLM,3,12,2612,2555,57,1300,951,349
eps_greedy_GLM,3,13,2512,2459,53,1400,1047,353
eps_greedy_GLM,3,14,2412,2369,43,1500,1137,363
eps_greedy_GLM,3,15,2312,2274,38,1600,1232,368
eps_greedy_GLM,3,16,2212,2180,32,1700,1326,374
eps_greedy_GLM,3,17,2112,2086,26,1800,1420,380
eps_greedy_GLM,3,18,2012,1990,22,1900,1516,384
eps_greedy_GLM,3,19,1912,1896,16,2000,1610,390
eps_greedy_GLM,3,20,1812,1798,14,2100,1708,392
eps_greedy_GLM,3,21,1712,1700,12,2200,1806,394
eps_greedy_GLM,3,22,1612,1602,10,2300,1904,396
eps_greedy_GLM,3,23,1512,1503,9,2400,2003,397
eps_greedy_GLM,3,24,1412,1405,7,2500,2101,399
eps_greedy_GLM,3,25,1312,1305,7,2600,2201,399
eps_greedy_GLM,3,26,1212,1207,5,2700,2299,401
eps_greedy_GLM,3,27,1112,1107,5,2800,2399,401
eps_greedy_GLM,3,28,1012,1009,3,2900,2497,403
eps_greedy_GLM,3,29,912,909,3,3000,2597,403
eps_greedy_GLM,3,30,812,809,3,3100,2697,403
eps_greedy_GLM,3,31,712,709,3,3200,2797,403
eps_greedy_GLM,3,32,612,609,3,3300,2897,403
eps_greedy_GLM,3,33,512,509,3,3400,2997,403
eps_greedy_GLM,3,34,412,410,2,3500,3096,404
eps_greedy_GLM,3,35,312,310,2,3600,3196,404
eps_greedy_GLM,3,36,212,211,1,3700,3295,405
eps_greedy_GLM,3,37,112,112,0,3800,3394,406
eps_greedy_GLM,3,38,12,12,0,3900,3494,406
eps_greedy_GLM,3,39,0,0,0,3912,3506,406
eps_greedy_GLM,4,0,3812,3425,387,100,91,9
eps_greedy_GLM,4,1,3712,3338,374,200,178,22
eps_greedy_GLM,4,2,3612,3264,348,300,252,48
eps_greedy_GLM,4,3,3512,3190,322,400,326,74
eps_greedy_GLM,4,4,3412,3143,269,500,373,127
eps_greedy_GLM,4,5,3312,3073,239,600,443,157
eps_greedy_GLM,4,6,3212,3016,196,700,500,200
eps_greedy_GLM,4,7,3112,2955,157,800,561,239
eps_greedy_GLM,4,8,3012,2885,127,900,631,269
eps_greedy_GLM,4,9,2912,2802,110,1000,714,286
eps_greedy_GLM,4,10,2812,2732,80,1100,784,316
eps_greedy_GLM,4,11,2712,2643,69,1200,873,327
eps_greedy_GLM,4,12,2612,2552,60,1300,964,336
eps_greedy_GLM,4,13,2512,2463,49,1400,1053,347
eps_greedy_GLM,4,14,2412,2369,43,1500,1147,353
eps_greedy_GLM,4,15,2312,2280,32,1600,1236,364
eps_greedy_GLM,4,16,2212,2186,26,1700,1330,370
eps_greedy_GLM,4,17,2112,2089,23,1800,1427,373
eps_greedy_GLM,4,18,2012,1995,17,1900,1521,379
eps_greedy_GLM,4,19,1912,1899,13,2000,1617,383
eps_greedy_GLM,4,20,1812,1803,9,2100,1713,387
eps_greedy_GLM,4,21,1712,1703,9,2200,1813,387
eps_greedy_GLM,4,22,1612,1605,7,2300,1911,389
eps_greedy_GLM,4,23,1512,1505,7,2400,2011,389
eps_greedy_GLM,4,24,1412,1405,7,2500,2111,389
eps_greedy_GLM,4,25,1312,1306,6,2600,2210,390
eps_greedy_GLM,4,26,1212,1206,6,2700,2310,390
eps_greedy_GLM,4,27,1112,1107,5,2800,2409,391
eps_greedy_GLM,4,28,1012,1007,5,2900,2509,391
eps_greedy_GLM,4,29,912,908,4,3000,2608,392
eps_greedy_GLM,4,30,812,809,3,3100,2707,393
eps_greedy_GLM,4,31,712,709,3,3200,2807,393
eps_greedy_GLM,4,32,612,609,3,3300,2907,393
eps_greedy_GLM,4,33,512,509,3,3400,3007,393
eps_greedy_GLM,4,34,412,410,2,3500,3106,394
eps_greedy_GLM,4,35,312,310,2,3600,3206,394
eps_greedy_GLM,4,36,212,210,2,3700,3306,394
eps_greedy_GLM,4,37,112,112,0,3800,3404,396
eps_greedy_GLM,4,38,12,12,0,3900,3504,396
eps_greedy_GLM,4,39,0,0,0,3912,3516,396
eps_greedy_GLM,5,0,3812,3412,400,100,88,12
eps_greedy_GLM,5,1,3712,3319,393,200,181,19
eps_greedy_GLM,5,2,3612,3231,381,300,269,31
eps_greedy_GLM,5,3,3512,3189,323,400,311,89
eps_greedy_GLM,5,4,3412,3113,299,500,387,113
eps_greedy_GLM,5,5,3312,3042,270,600,458,142
eps_greedy_GLM,5,6,3212,2980,232,700,520,180
eps_greedy_GLM,5,7,3112,2915,197,800,585,215
eps_greedy_GLM,5,8,3012,2849,163,900,651,249
eps_greedy_GLM,5,9,2912,2788,124,1000,712,288
eps_greedy_GLM,5,10,2812,2722,90,1100,778,322
eps_greedy_GLM,5,11,2712,2642,70,1200,858,342
eps_greedy_GLM,5,12,2612,2557,55,1300,943,357
eps_greedy_GLM,5,13,2512,2460,52,1400,1040,360
eps_greedy_GLM,5,14,2412,2370,42,1500,1130,370
eps_greedy_GLM,5,15,2312,2278,34,1600,1222,378
eps_greedy_GLM,5,16,2212,2183,29,1700,1317,383
eps_greedy_GLM,5,17,2112,2090,22,1800,1410,390
eps_greedy_GLM,5,18,2012,1997,15,1900,1503,397
eps_greedy_GLM,5,19,1912,1900,12,2000,1600,400
eps_greedy_GLM,5,20,1812,1801,11,2100,1699,401
eps_greedy_GLM,5,21,1712,1703,9,2200,1797,403
eps_greedy_GLM,5,22,1612,1605,7,2300,1895,405
eps_greedy_GLM,5,23,1512,1507,5,2400,1993,407
eps_greedy_GLM,5,24,1412,1407,5,2500,2093,407
eps_greedy_GLM,5,25,1312,1307,5,2600,2193,407
eps_greedy_GLM,5,26,1212,1207,5,2700,2293,407
eps_greedy_GLM,5,27,1112,1109,3,2800,2391,409
eps_greedy_GLM,5,28,1012,1010,2,2900,2490,410
eps_greedy_GLM,5,29,912,910,2,3000,2590,410
eps_greedy_GLM,5,30,812,810,2,3100,2690,410
eps_greedy_GLM,5,31,712,710,2,3200,2790,410
eps_greedy_GLM,5,32,612,610,2,3300,2890,410
eps_greedy_GLM,5,33,512,510,2,3400,2990,410
eps_greedy_GLM,5,34,412,410,2,3500,3090,410
eps_greedy_GLM,5,35,312,310,2,3600,3190,410
eps_greedy_GLM,5,36,212,211,1,3700,3289,411
eps_greedy_GLM,5,37,112,112,0,3800,3388,412
eps_greedy_GLM,5,38,12,12,0,3900,3488,412
eps_greedy_GLM,5,39,0,0,0,3912,3500,412
eps_greedy_GLM,6,0,3812,3396,416,100,91,9
eps_greedy_GLM,6,1,3712,3308,404,200,179,21
eps_greedy_GLM,6,2,3612,3224,388,300,263,37
eps_greedy_GLM,6,3,3512,3179,333,400,308,92
eps_greedy_GLM,6,4,3412,3104,308,500,383,117
eps_greedy_GLM,6,5,3312,3048,264,600,439,161
eps_greedy_GLM,6,6,3212,2978,234,700,509,191
eps_greedy_GLM,6,7,3112,2920,192,800,567,233
eps_greedy_GLM,6,8,3012,2861,151,900,626,274
eps_greedy_GLM,6,9,2912,2789,123,1000,698,302
eps_greedy_GLM,6,10,2812,2718,94,1100,769,331
eps_greedy_GLM,6,11,2712,2633,79,1200,854,346
eps_greedy_GLM,6,12,2612,2547,65,1300,940,360
eps_greedy_GLM,6,13,2512,2454,58,1400,1033,367
eps_greedy_GLM,6,14,2412,2364,48,1500,1123,377
eps_greedy_GLM,6,15,2312,2273,39,1600,1214,386
eps_greedy_GLM,6,16,2212,2181,31,1700,1306,394
eps_greedy_GLM,6,17,2112,2085,27,1800,1402,398
eps_greedy_GLM,6,18,2012,1995,17,1900,1492,408
eps_greedy_GLM,6,19,1912,1901,11,2000,1586,414
eps_greedy_GLM,6,20,1812,1801,11,2100,1686,414
eps_greedy_GLM,6,21,1712,1702,10,2200,1785,415
eps_greedy_GLM,6,22,1612,1602,10,2300,1885,415
eps_greedy_GLM,6,23,1512,1502,10,2400,1985,415
eps_greedy_GLM,6,24,1412,1405,7,2500,2082,418
eps_greedy_GLM,6,25,1312,1307,5,2600,2180,420
eps_greedy_GLM,6,26,1212,1207,5,2700,2280,420
eps_greedy_GLM,6,27,1112,1107,5,2800,2380,420
eps_greedy_GLM,6,28,1012,1007,5,2900,2480,420
eps_greedy_GLM,6,29,912,907,5,3000,2580,420
eps_greedy_GLM,6,30,812,808,4,3100,2679,421
eps_greedy_GLM,6,31,712,710,2,3200,2777,423
eps_greedy_GLM,6,32,612,610,2,3300,2877,423
eps_greedy_GLM,6,33,512,510,2,3400,2977,423
eps_greedy_GLM,6,34,412,410,2,3500,3077,423
eps_greedy_GLM,6,35,312,310,2,3600,3177,423
eps_greedy_GLM,6,36,212,210,2,3700,3277,423
eps_greedy_GLM,6,37,112,112,0,3800,3375,425
eps_greedy_GLM,6,38,12,12,0,3900,3475,425
eps_greedy_GLM,6,39,0,0,0,3912,3487,425
eps_greedy_GLM,7,0,3812,3423,389,100,95,5
eps_greedy_GLM,7,1,3712,3329,383,200,189,11
eps_greedy_GLM,7,2,3612,3231,381,300,287,13
eps_greedy_GLM,7,3,3512,3168,344,400,350,50
eps_greedy_GLM,7,4,3412,3102,310,500,416,84
eps_greedy_GLM,7,5,3312,3049,263,600,469,131
eps_greedy_GLM,7,6,3212,2978,234,700,540,160
eps_greedy_GLM,7,7,3112,2919,193,800,599,201
eps_greedy_GLM,7,8,3012,2845,167,900,673,227
eps_greedy_GLM,7,9,2912,2785,127,1000,733,267
eps_greedy_GLM,7,10,2812,2707,105,1100,811,289
eps_greedy_GLM,7,11,2712,2629,83,1200,889,311
eps_greedy_GLM,7,12,2612,2544,68,1300,974,326
eps_greedy_GLM,7,13,2512,2450,62,1400,1068,332
eps_greedy_GLM,7,14,2412,2359,53,1500,1159,341
eps_greedy_GLM,7,15,2312,2269,43,1600,1249,351
eps_greedy_GLM,7,16,2212,2176,36,1700,1342,358
eps_greedy_GLM,7,17,2112,2080,32,1800,1438,362
eps_greedy_GLM,7,18,2012,1990,22,1900,1528,372
eps_greedy_GLM,7,19,1912,1894,18,2000,1624,376
eps_greedy_GLM,7,20,1812,1798,14,2100,1720,380
eps_greedy_GLM,7,21,1712,1700,12,2200,1818,382
eps_greedy_GLM,7,22,1612,1601,11,2300,1917,383
eps_greedy_GLM,7,23,1512,1505,7,2400,2013,387
eps_greedy_GLM,7,24,1412,1405,7,2500,2113,387
eps_greedy_GLM,7,25,1312,1305,7,2600,2213,387
eps_greedy_GLM,7,26,1212,1208,4,2700,2310,390
eps_greedy_GLM,7,27,1112,1109,3,2800,2409,391
eps_greedy_GLM,7,28,1012,1009,3,2900,2509,391
eps_greedy_GLM,7,29,912,909,3,3000,2609,391
eps_greedy_GLM,7,30,812,809,3,3100,2709,391
eps_greedy_GLM,7,31,712,709,3,3200,2809,391
eps_greedy_GLM,7,32,612,609,3,3300,2909,391
eps_greedy_GLM,7,33,512,510,2,3400,3008,392
eps_greedy_GLM,7,34,412,410,2,3500,3108,392
eps_greedy_GLM,7,35,312,310,2,3600,3208,392
eps_greedy_GLM,7,36,212,210,2,3700,3308,392
eps_greedy_GLM,7,37,112,112,0,3800,3406,394
eps_greedy_GLM,7,38,12,12,0,3900,3506,394
eps_greedy_GLM,7,39,0,0,0,3912,3518,394
eps_greedy_GLM,8,0,3812,3428,384,100,89,11
eps_greedy_GLM,8,1,3712,3339,373,200,178,22
eps_greedy_GLM,8,2,3612,3267,345,300,250,50
eps_greedy_GLM,8,3,3512,3209,303,400,308,92
eps_greedy_GLM,8,4,3412,3133,279,500,384,116
eps_greedy_GLM,8,5,3312,3065,247,600,452,148
eps_greedy_GLM,8,6,3212,3003,209,700,514,186
eps_greedy_GLM,8,7,3112,2944,168,800,573,227
eps_greedy_GLM,8,8,3012,2873,139,900,644,256
eps_greedy_GLM,8,9,2912,2812,100,1000,705,295
eps_greedy_GLM,8,10,2812,2732,80,1100,785,315
eps_greedy_GLM,8,11,2712,2652,60,1200,865,335
eps_greedy_GLM,8,12,2612,2562,50,1300,955,345
eps_greedy_GLM,8,13,2512,2467,45,1400,1050,350
eps_greedy_GLM,8,14,2412,2375,37,1500,1142,358
eps_greedy_GLM,8,15,2312,2281,31,1600,1236,364
eps_greedy_GLM,8,16,2212,2185,27,1700,1332,368
eps_greedy_GLM,8,17,2112,2088,24,1800,1429,371
eps_greedy_GLM,8,18,2012,1994,18,1900,1523,377
eps_greedy_GLM,8,19,1912,1900,12,2000,1617,383
eps_greedy_GLM,8,20,1812,1800,12,2100,1717,383
eps_greedy_GLM,8,21,1712,1704,8,2200,1813,387
eps_greedy_GLM,8,22,1612,1605,7,2300,1912,388
eps_greedy_GLM,8,23,1512,1505,7,2400,2012,388
eps_greedy_GLM,8,24,1412,1406,6,2500,2111,389
eps_greedy_GLM,8,25,1312,1308,4,2600,2209,391
eps_greedy_GLM,8,26,1212,1208,4,2700,2309,391
eps_greedy_GLM,8,27,1112,1108,4,2800,2409,391
eps_greedy_GLM,8,28,1012,1009,3,2900,2508,392
eps_greedy_GLM,8,29,912,909,3,3000,2608,392
eps_greedy_GLM,8,30,812,809,3,3100,2708,392
eps_greedy_GLM,8,31,712,709,3,3200,2808,392
eps_greedy_GLM,8,32,612,610,2,3300,2907,393
eps_greedy_GLM,8,33,512,510,2,3400,3007,393
eps_greedy_GLM,8,34,412,410,2,3500,3107,393
eps_greedy_GLM,8,35,312,311,1,3600,3206,394
eps_greedy_GLM,8,36,212,212,0,3700,3305,395
eps_greedy_GLM,8,37,112,112,0,3800,3405,395
eps_greedy_GLM,8,38,12,12,0,3900,3505,395
eps_greedy_GLM,8,39,0,0,0,3912,3517,395
eps_greedy_GLM,9,0,3812,3417,395,100,91,9
eps_greedy_GLM,9,1,3712,3324,388,200,184,16
eps_greedy_GLM,9,2,3612,3260,352,300,248,52
eps_greedy_GLM,9,3,3512,3198,314,400,310,90
eps_greedy_GLM,9,4,3412,3126,286,500,382,118
eps_greedy_GLM,9,5,3312,3062,250,600,446,154
eps_greedy_GLM,9,6,3212,3005,207,700,503,197
eps_greedy_GLM,9,7,3112,2946,166,800,562,238
eps_greedy_GLM,9,8,3012,2882,130,900,626,274
eps_greedy_GLM,9,9,2912,2818,94,1000,690,310
eps_greedy_GLM,9,10,2812,2734,78,1100,774,326
eps_greedy_GLM,9,11,2712,2650,62,1200,858,342
eps_greedy_GLM,9,12,2612,2557,55,1300,951,349
eps_greedy_GLM,9,13,2512,2467,45,1400,1041,359
eps_greedy_GLM,9,14,2412,2373,39,1500,1135,365
eps_greedy_GLM,9,15,2312,2276,36,1600,1232,368
eps_greedy_GLM,9,16,2212,2183,29,1700,1325,375
eps_greedy_GLM,9,17,2112,2090,22,1800,1418,382
eps_greedy_GLM,9,18,2012,1995,17,1900,1513,387
eps_greedy_GLM,9,19,1912,1897,15,2000,1611,389
eps_greedy_GLM,9,20,1812,1800,12,2100,1708,392
eps_greedy_GLM,9,21,1712,1700,12,2200,1808,392
eps_greedy_GLM,9,22,1612,1600,12,2300,1908,392
eps_greedy_GLM,9,23,1512,1502,10,2400,2006,394
eps_greedy_GLM,9,24,1412,1404,8,2500,2104,396
eps_greedy_GLM,9,25,1312,1304,8,2600,2204,396
eps_greedy_GLM,9,26,1212,1205,7,2700,2303,397
eps_greedy_GLM,9,27,1112,1106,6,2800,2402,398
eps_greedy_GLM,9,28,1012,1006,6,2900,2502,398
eps_greedy_GLM,9,29,912,907,5,3000,2601,399
eps_greedy_GLM,9,30,812,808,4,3100,2700,400
eps_greedy_GLM,9,31,712,708,4,3200,2800,400
eps_greedy_GLM,9,32,612,609,3,3300,2899,401
eps_greedy_GLM,9,33,512,509,3,3400,2999,401
eps_greedy_GLM,9,34,412,410,2,3500,3098,402
eps_greedy_GLM,9,35,312,310,2,3600,3198,402
eps_greedy_GLM,9,36,212,210,2,3700,3298,402
eps_greedy_GLM,9,37,112,112,0,3800,3396,404
eps_greedy_GLM,9,38,12,12,0,3900,3496,404
eps_greedy_GLM,9,39,0,0,0,3912,3508,404
eps_greedy_GLM,10,0,3812,3411,401,100,89,11
eps_greedy_GLM,10,1,3712,3335,377,200,165,35
eps_greedy_GLM,10,2,3612,3245,367,300,255,45
eps_greedy_GLM,10,3,3512,3177,335,400,323,77
eps_greedy_GLM,10,4,3412,3126,286,500,374,126
eps_greedy_GLM,10,5,3312,3069,243,600,431,169
eps_greedy_GLM,10,6,3212,3006,206,700,494,206
eps_greedy_GLM,10,7,3112,2929,183,800,571,229
eps_greedy_GLM,10,8,3012,2868,144,900,632,268
eps_greedy_GLM,10,9,2912,2798,114,1000,702,298
eps_greedy_GLM,10,10,2812,2721,91,1100,779,321
eps_greedy_GLM,10,11,2712,2631,81,1200,869,331
eps_greedy_GLM,10,12,2612,2544,68,1300,956,344
eps_greedy_GLM,10,13,2512,2454,58,1400,1046,354
eps_greedy_GLM,10,14,2412,2362,50,1500,1138,362
eps_greedy_GLM,10,15,2312,2272,40,1600,1228,372
eps_greedy_GLM,10,16,2212,2181,31,1700,1319,381
eps_greedy_GLM,10,17,2112,2086,26,1800,1414,386
eps_greedy_GLM,10,18,2012,1990,22,1900,1510,390
eps_greedy_GLM,10,19,1912,1897,15,2000,1603,397
eps_greedy_GLM,10,20,1812,1798,14,2100,1702,398
eps_greedy_GLM,10,21,1712,1701,11,2200,1799,401
eps_greedy_GLM,10,22,1612,1603,9,2300,1897,403
eps_greedy_GLM,10,23,1512,1505,7,2400,1995,405
eps_greedy_GLM,10,24,1412,1405,7,2500,2095,405
eps_greedy_GLM,10,25,1312,1306,6,2600,2194,406
eps_greedy_GLM,10,26,1212,1206,6,2700,2294,406
eps_greedy_GLM,10,27,1112,1107,5,2800,2393,407
eps_greedy_GLM,10,28,1012,1007,5,2900,2493,407
eps_greedy_GLM,10,29,912,908,4,3000,2592,408
eps_greedy_GLM,10,30,812,808,4,3100,2692,408
eps_greedy_GLM,10,31,712,709,3,3200,2791,409
eps_greedy_GLM,10,32,612,609,3,3300,2891,409
eps_greedy_GLM,10,33,512,509,3,3400,2991,409
eps_greedy_GLM,10,34,412,410,2,3500,3090,410
eps_greedy_GLM,10,35,312,310,2,3600,3190,410
eps_greedy_GLM,10,36,212,211,1,3700,3289,411
eps_greedy_GLM,10,37,112,112,0,3800,3388,412
eps_greedy_GLM,10,38,12,12,0,3900,3488,412
eps_greedy_GLM,10,39,0,0,0,3912,3500,412
eps_greedy_GLM,11,0,3812,3410,402,100,94,6
eps_greedy_GLM,11,1,3712,3313,399,200,191,9
eps_greedy_GLM,11,2,3612,3223,389,300,281,19
eps_greedy_GLM,11,3,3512,3162,350,400,342,58
eps_greedy_GLM,11,4,3412,3110,302,500,394,106
eps_greedy_GLM,11,5,3312,3039,273,600,465,135
eps_greedy_GLM,11,6,3212,2967,245,700,537,163
eps_greedy_GLM,11,7,3112,2910,202,800,594,206
eps_greedy_GLM,11,8,3012,2842,170,900,662,238
eps_greedy_GLM,11,9,2912,2789,123,1000,715,285
eps_greedy_GLM,11,10,2812,2719,93,1100,785,315
eps_greedy_GLM,11,11,2712,2627,85,1200,877,323
eps_greedy_GLM,11,12,2612,2554,58,1300,950,350
eps_greedy_GLM,11,13,2512,2462,50,1400,1042,358
eps_greedy_GLM,11,14,2412,2372,40,1500,1132,368
eps_greedy_GLM,11,15,2312,2279,33,1600,1225,375
eps_greedy_GLM,11,16,2212,2181,31,1700,1323,377
eps_greedy_GLM,11,17,2112,2084,28,1800,1420,380
eps_greedy_GLM,11,18,2012,1990,22,1900,1514,386
eps_greedy_GLM,11,19,1912,1896,16,2000,1608,392
eps_greedy_GLM,11,20,1812,1799,13,2100,1705,395
eps_greedy_GLM,11,21,1712,1699,13,2200,1805,395
eps_greedy_GLM,11,22,1612,1601,11,2300,1903,397
eps_greedy_GLM,11,23,1512,1501,11,2400,2003,397
eps_greedy_GLM,11,24,1412,1403,9,2500,2101,399
eps_greedy_GLM,11,25,1312,1306,6,2600,2198,402
eps_greedy_GLM,11,26,1212,1208,4,2700,2296,404
eps_greedy_GLM,11,27,1112,1108,4,2800,2396,404
eps_greedy_GLM,11,28,1012,1008,4,2900,2496,404
eps_greedy_GLM,11,29,912,908,4,3000,2596,404
eps_greedy_GLM,11,30,812,809,3,3100,2695,405
eps_greedy_GLM,11,31,712,709,3,3200,2795,405
eps_greedy_GLM,11,32,612,609,3,3300,2895,405
eps_greedy_GLM,11,33,512,509,3,3400,2995,405
eps_greedy_GLM,11,34,412,410,2,3500,3094,406
eps_greedy_GLM,11,35,312,310,2,3600,3194,406
eps_greedy_GLM,11,36,212,210,2,3700,3294,406
eps_greedy_GLM,11,37,112,112,0,3800,3392,408
eps_greedy_GLM,11,38,12,12,0,3900,3492,408
eps_greedy_GLM,11,39,0,0,0,3912,3504,408
eps_greedy_GLM,12,0,3812,3429,383,100,83,17
eps_greedy_GLM,12,1,3712,3351,361,200,161,39
eps_greedy_GLM,12,2,3612,3269,343,300,243,57
eps_greedy_GLM,12,3,3512,3200,312,400,312,88
eps_greedy_GLM,12,4,3412,3127,285,500,385,115
eps_greedy_GLM,12,5,3312,3063,249,600,449,151
eps_greedy_GLM,12,6,3212,3001,211,700,511,189
eps_greedy_GLM,12,7,3112,2947,165,800,565,235
eps_greedy_GLM,12,8,3012,2872,140,900,640,260
eps_greedy_GLM,12,9,2912,2803,109,1000,709,291
eps_greedy_GLM,12,10,2812,2726,86,1100,786,314
eps_greedy_GLM,12,11,2712,2643,69,1200,869,331
eps_greedy_GLM,12,12,2612,2555,57,1300,957,343
eps_greedy_GLM,12,13,2512,2466,46,1400,1046,354
eps_greedy_GLM,12,14,2412,2378,34,1500,1134,366
eps_greedy_GLM,12,15,2312,2284,28,1600,1228,372
eps_greedy_GLM,12,16,2212,2189,23,1700,1323,377
eps_greedy_GLM,12,17,2112,2092,20,1800,1420,380
eps_greedy_GLM,12,18,2012,1995,17,1900,1517,383
eps_greedy_GLM,12,19,1912,1899,13,2000,1613,387
eps_greedy_GLM,12,20,1812,1803,9,2100,1709,391
eps_greedy_GLM,12,21,1712,1704,8,2200,1808,392
eps_greedy_GLM,12,22,1612,1605,7,2300,1907,393
eps_greedy_GLM,12,23,1512,1505,7,2400,2007,393
eps_greedy_GLM,12,24,1412,1406,6,2500,2106,394
eps_greedy_GLM,12,25,1312,1308,4,2600,2204,396
eps_greedy_GLM,12,26,1212,1210,2,2700,2302,398
eps_greedy_GLM,12,27,1112,1110,2,2800,2402,398
eps_greedy_GLM,12,28,1012,1010,2,2900,2502,398
eps_greedy_GLM,12,29,912,910,2,3000,2602,398
eps_greedy_GLM,12,30,812,811,1,3100,2701,399
eps_greedy_GLM,12,31,712,711,1,3200,2801,399
eps_greedy_GLM,12,32,612,611,1,3300,2901,399
eps_greedy_GLM,12,33,512,511,1,3400,3001,399
eps_greedy_GLM,12,34,412,411,1,3500,3101,399
eps_greedy_GLM,12,35,312,311,1,3600,3201,399
eps_greedy_GLM,12,36,212,211,1,3700,3301,399
eps_greedy_GLM,12,37,112,112,0,3800,3400,400
eps_greedy_GLM,12,38,12,12,0,3900,3500,400
eps_greedy_GLM,12,39,0,0,0,3912,3512,400
eps_greedy_GLM,13,0,3812,3427,385,100,90,10
eps_greedy_GLM,13,1,3712,3332,380,200,185,15
eps_greedy_GLM,13,2,3612,3242,370,300,275,25
eps_greedy_GLM,13,3,3512,3191,321,400,326,74
eps_greedy_GLM,13,4,3412,3128,284,500,389,111
eps_greedy_GLM,13,5,3312,3062,250,600,455,145
eps_greedy_GLM,13,6,3212,2998,214,700,519,181
eps_greedy_GLM,13,7,3112,2925,187,800,592,208
eps_greedy_GLM,13,8,3012,2857,155,900,660,240
eps_greedy_GLM,13,9,2912,2794,118,1000,723,277
eps_greedy_GLM,13,10,2812,2719,93,1100,798,302
eps_greedy_GLM,13,11,2712,2639,73,1200,878,322
eps_greedy_GLM,13,12,2612,2553,59,1300,964,336
eps_greedy_GLM,13,13,2512,2461,51,1400,1056,344
eps_greedy_GLM,13,14,2412,2373,39,1500,1144,356
eps_greedy_GLM,13,15,2312,2278,34,1600,1239,361
eps_greedy_GLM,13,16,2212,2182,30,1700,1335,365
eps_greedy_GLM,13,17,2112,2085,27,1800,1432,368
eps_greedy_GLM,13,18,2012,1990,22,1900,1527,373
eps_greedy_GLM,13,19,1912,1896,16,2000,1621,379
eps_greedy_GLM,13,20,1812,1800,12,2100,1717,383
eps_greedy_GLM,13,21,1712,1702,10,2200,1815,385
eps_greedy_GLM,13,22,1612,1604,8,2300,1913,387
eps_greedy_GLM,13,23,1512,1505,7,2400,2012,388
eps_greedy_GLM,13,24,1412,1405,7,2500,2112,388
eps_greedy_GLM,13,25,1312,1305,7,2600,2212,388
eps_greedy_GLM,13,26,1212,1205,7,2700,2312,388
eps_greedy_GLM,13,27,1112,1107,5,2800,2410,390
eps_greedy_GLM,13,28,1012,1008,4,2900,2509,391
eps_greedy_GLM,13,29,912,908,4,3000,2609,391
eps_greedy_GLM,13,30,812,809,3,3100,2708,392
eps_greedy_GLM,13,31,712,709,3,3200,2808,392
eps_greedy_GLM,13,32,612,610,2,3300,2907,393
eps_greedy_GLM,13,33,512,510,2,3400,3007,393
eps_greedy_GLM,13,34,412,410,2,3500,3107,393
eps_greedy_GLM,13,35,312,310,2,3600,3207,393
eps_greedy_GLM,13,36,212,210,2,3700,3307,393
eps_greedy_GLM,13,37,112,112,0,3800,3405,395
eps_greedy_GLM,13,38,12,12,0,3900,3505,395
eps_greedy_GLM,13,39,0,0,0,3912,3517,395
eps_greedy_GLM,14,0,3812,3414,398,100,87,13
eps_greedy_GLM,14,1,3712,3321,391,200,180,20
eps_greedy_GLM,14,2,3612,3238,374,300,263,37
eps_greedy_GLM,14,3,3512,3185,327,400,316,84
eps_greedy_GLM,14,4,3412,3112,300,500,389,111
eps_greedy_GLM,14,5,3312,3053,259,600,448,152
eps_greedy_GLM,14,6,3212,2987,225,700,514,186
eps_greedy_GLM,14,7,3112,2921,191,800,580,220
eps_greedy_GLM,14,8,3012,2858,154,900,643,257
eps_greedy_GLM,14,9,2912,2781,131,1000,720,280
eps_greedy_GLM,14,10,2812,2721,91,1100,780,320
eps_greedy_GLM,14,11,2712,2644,68,1200,857,343
eps_greedy_GLM,14,12,2612,2554,58,1300,947,353
eps_greedy_GLM,14,13,2512,2469,43,1400,1032,368
eps_greedy_GLM,14,14,2412,2376,36,1500,1125,375
eps_greedy_GLM,14,15,2312,2287,25,1600,1214,386
eps_greedy_GLM,14,16,2212,2191,21,1700,1310,390
eps_greedy_GLM,14,17,2112,2093,19,1800,1408,392
eps_greedy_GLM,14,18,2012,1996,16,1900,1505,395
eps_greedy_GLM,14,19,1912,1898,14,2000,1603,397
eps_greedy_GLM,14,20,1812,1800,12,2100,1701,399
eps_greedy_GLM,14,21,1712,1704,8,2200,1797,403
eps_greedy_GLM,14,22,1612,1604,8,2300,1897,403
eps_greedy_GLM,14,23,1512,1504,8,2400,1997,403
eps_greedy_GLM,14,24,1412,1407,5,2500,2094,406
eps_greedy_GLM,14,25,1312,1307,5,2600,2194,406
eps_greedy_GLM,14,26,1212,1208,4,2700,2293,407
eps_greedy_GLM,14,27,1112,1108,4,2800,2393,407
eps_greedy_GLM,14,28,1012,1010,2,2900,2491,409
eps_greedy_GLM,14,29,912,911,1,3000,2590,410
eps_greedy_GLM,14,30,812,811,1,3100,2690,410
eps_greedy_GLM,14,31,712,711,1,3200,2790,410
eps_greedy_GLM,14,32,612,611,1,3300,2890,410
eps_greedy_GLM,14,33,512,511,1,3400,2990,410
eps_greedy_GLM,14,34,412,411,1,3500,3090,410
eps_greedy_GLM,14,35,312,311,1,3600,3190,410
eps_greedy_GLM,14,36,212,211,1,3700,3290,410
eps_greedy_GLM,14,37,112,112,0,3800,3389,411
eps_greedy_GLM,14,38,12,12,0,3900,3489,411
eps_greedy_GLM,14,39,0,0,0,3912,3501,411
eps_greedy_GLM,15,0,3812,3411,401,100,88,12
eps_greedy_GLM,15,1,3712,3323,389,200,176,24
eps_greedy_GLM,15,2,3612,3250,362,300,249,51
eps_greedy_GLM,15,3,3512,3178,334,400,321,79
eps_greedy_GLM,15,4,3412,3123,289,500,376,124
eps_greedy_GLM,15,5,3312,3063,249,600,436,164
eps_greedy_GLM,15,6,3212,3002,210,700,497,203
eps_greedy_GLM,15,7,3112,2938,174,800,561,239
eps_greedy_GLM,15,8,3012,2875,137,900,624,276
eps_greedy_GLM,15,9,2912,2811,101,1000,688,312
eps_greedy_GLM,15,10,2812,2732,80,1100,767,333
eps_greedy_GLM,15,11,2712,2647,65,1200,852,348
eps_greedy_GLM,15,12,2612,2552,60,1300,947,353
eps_greedy_GLM,15,13,2512,2464,48,1400,1035,365
eps_greedy_GLM,15,14,2412,2371,41,1500,1128,372
eps_greedy_GLM,15,15,2312,2279,33,1600,1220,380
eps_greedy_GLM,15,16,2212,2186,26,1700,1313,387
eps_greedy_GLM,15,17,2112,2087,25,1800,1412,388
eps_greedy_GLM,15,18,2012,1994,18,1900,1505,395
eps_greedy_GLM,15,19,1912,1898,14,2000,1601,399
eps_greedy_GLM,15,20,1812,1803,9,2100,1696,404
eps_greedy_GLM,15,21,1712,1703,9,2200,1796,404
eps_greedy_GLM,15,22,1612,1604,8,2300,1895,405
eps_greedy_GLM,15,23,1512,1506,6,2400,1993,407
eps_greedy_GLM,15,24,1412,1407,5,2500,2092,408
eps_greedy_GLM,15,25,1312,1307,5,2600,2192,408
eps_greedy_GLM,15,26,1212,1207,5,2700,2292,408
eps_greedy_GLM,15,27,1112,1108,4,2800,2391,409
eps_greedy_GLM,15,28,1012,1009,3,2900,2490,410
eps_greedy_GLM,15,29,912,909,3,3000,2590,410
eps_greedy_GLM,15,30,812,809,3,3100,2690,410
eps_greedy_GLM,15,31,712,709,3,3200,2790,410
eps_greedy_GLM,15,32,612,609,3,3300,2890,410
eps_greedy_GLM,15,33,512,509,3,3400,2990,410
eps_greedy_GLM,15,34,412,409,3,3500,3090,410
eps_greedy_GLM,15,35,312,309,3,3600,3190,410
eps_greedy_GLM,15,36,212,211,1,3700,3288,412
eps_greedy_GLM,15,37,112,112,0,3800,3387,413
eps_greedy_GLM,15,38,12,12,0,3900,3487,413
eps_greedy_GLM,15,39,0,0,0,3912,3499,413
eps_greedy_GLM,16,0,3812,3417,395,100,93,7
eps_greedy_GLM,16,1,3712,3329,383,200,181,19
eps_greedy_GLM,16,2,3612,3254,358,300,256,44
eps_greedy_GLM,16,3,3512,3206,306,400,304,96
eps_greedy_GLM,16,4,3412,3135,277,500,375,125
eps_greedy_GLM,16,5,3312,3068,244,600,442,158
eps_greedy_GLM,16,6,3212,3010,202,700,500,200
eps_greedy_GLM,16,7,3112,2949,163,800,561,239
eps_greedy_GLM,16,8,3012,2886,126,900,624,276
eps_greedy_GLM,16,9,2912,2809,103,1000,701,299
eps_greedy_GLM,16,10,2812,2740,72,1100,770,330
eps_greedy_GLM,16,11,2712,2658,54,1200,852,348
eps_greedy_GLM,16,12,2612,2565,47,1300,945,355
eps_greedy_GLM,16,13,2512,2472,40,1400,1038,362
eps_greedy_GLM,16,14,2412,2380,32,1500,1130,370
eps_greedy_GLM,16,15,2312,2283,29,1600,1227,373
eps_greedy_GLM,16,16,2212,2185,27,1700,1325,375
eps_greedy_GLM,16,17,2112,2087,25,1800,1423,377
eps_greedy_GLM,16,18,2012,1994,18,1900,1516,384
eps_greedy_GLM,16,19,1912,1900,12,2000,1610,390
eps_greedy_GLM,16,20,1812,1802,10,2100,1708,392
eps_greedy_GLM,16,21,1712,1704,8,2200,1806,394
eps_greedy_GLM,16,22,1612,1604,8,2300,1906,394
eps_greedy_GLM,16,23,1512,1508,4,2400,2002,398
eps_greedy_GLM,16,24,1412,1408,4,2500,2102,398
eps_greedy_GLM,16,25,1312,1309,3,2600,2201,399
eps_greedy_GLM,16,26,1212,1209,3,2700,2301,399
eps_greedy_GLM,16,27,1112,1110,2,2800,2400,400
eps_greedy_GLM,16,28,1012,1010,2,2900,2500,400
eps_greedy_GLM,16,29,912,911,1,3000,2599,401
eps_greedy_GLM,16,30,812,811,1,3100,2699,401
eps_greedy_GLM,16,31,712,711,1,3200,2799,401
eps_greedy_GLM,16,32,612,611,1,3300,2899,401
eps_greedy_GLM,16,33,512,511,1,3400,2999,401
eps_greedy_GLM,16,34,412,411,1,3500,3099,401
eps_greedy_GLM,16,35,312,311,1,3600,3199,401
eps_greedy_GLM,16,36,212,211,1,3700,3299,401
eps_greedy_GLM,16,37,112,112,0,3800,3398,402
eps_greedy_GLM,16,38,12,12,0,3900,3498,402
eps_greedy_GLM,16,39,0,0,0,3912,3510,402
eps_greedy_GLM,17,0,3812,3410,402,100,92,8
eps_greedy_GLM,17,1,3712,3314,398,200,188,12
eps_greedy_GLM,17,2,3612,3246,366,300,256,44
eps_greedy_GLM,17,3,3512,3182,330,400,320,80
eps_greedy_GLM,17,4,3412,3117,295,500,385,115
eps_greedy_GLM,17,5,3312,3057,255,600,445,155
eps_greedy_GLM,17,6,3212,3010,202,700,492,208
eps_greedy_GLM,17,7,3112,2944,168,800,558,242
eps_greedy_GLM,17,8,3012,2872,140,900,630,270
eps_greedy_GLM,17,9,2912,2803,109,1000,699,301
eps_greedy_GLM,17,10,2812,2729,83,1100,773,327
eps_greedy_GLM,17,11,2712,2634,78,1200,868,332
eps_greedy_GLM,17,12,2612,2544,68,1300,958,342
eps_greedy_GLM,17,13,2512,2454,58,1400,1048,352
eps_greedy_GLM,17,14,2412,2361,51,1500,1141,359
eps_greedy_GLM,17,15,2312,2268,44,1600,1234,366
eps_greedy_GLM,17,16,2212,2175,37,1700,1327,373
eps_greedy_GLM,17,17,2112,2086,26,1800,1416,384
eps_greedy_GLM,17,18,2012,1993,19,1900,1509,391
eps_greedy_GLM,17,19,1912,1900,12,2000,1602,398
eps_greedy_GLM,17,20,1812,1801,11,2100,1701,399
eps_greedy_GLM,17,21,1712,1701,11,2200,1801,399
eps_greedy_GLM,17,22,1612,1602,10,2300,1900,400
eps_greedy_GLM,17,23,1512,1503,9,2400,1999,401
eps_greedy_GLM,17,24,1412,1404,8,2500,2098,402
eps_greedy_GLM,17,25,1312,1305,7,2600,2197,403
eps_greedy_GLM,17,26,1212,1205,7,2700,2297,403
eps_greedy_GLM,17,27,1112,1108,4,2800,2394,406
eps_greedy_GLM,17,28,1012,1008,4,2900,2494,406
eps_greedy_GLM,17,29,912,909,3,3000,2593,407
eps_greedy_GLM,17,30,812,809,3,3100,2693,407
eps_greedy_GLM,17,31,712,709,3,3200,2793,407
eps_greedy_GLM,17,32,612,609,3,3300,2893,407
eps_greedy_GLM,17,33,512,509,3,3400,2993,407
eps_greedy_GLM,17,34,412,410,2,3500,3092,408
eps_greedy_GLM,17,35,312,310,2,3600,3192,408
eps_greedy_GLM,17,36,212,210,2,3700,3292,408
eps_greedy_GLM,17,37,112,112,0,3800,3390,410
eps_greedy_GLM,17,38,12,12,0,3900,3490,410
eps_greedy_GLM,17,39,0,0,0,3912,3502,410
eps_greedy_GLM,18,0,3812,3418,394,100,89,11
eps_greedy_GLM,18,1,3712,3322,390,200,185,15
eps_greedy_GLM,18,2,3612,3250,362,300,257,43
eps_greedy_GLM,18,3,3512,3190,322,400,317,83
eps_greedy_GLM,18,4,3412,3122,290,500,385,115
eps_greedy_GLM,18,5,3312,3047,265,600,460,140
eps_greedy_GLM,18,6,3212,3005,207,700,502,198
eps_greedy_GLM,18,7,3112,2941,171,800,566,234
eps_greedy_GLM,18,8,3012,2859,153,900,648,252
eps_greedy_GLM,18,9,2912,2791,121,1000,716,284
eps_greedy_GLM,18,10,2812,2711,101,1100,796,304
eps_greedy_GLM,18,11,2712,2620,92,1200,887,313
eps_greedy_GLM,18,12,2612,2534,78,1300,973,327
eps_greedy_GLM,18,13,2512,2448,64,1400,1059,341
eps_greedy_GLM,18,14,2412,2363,49,1500,1144,356
eps_greedy_GLM,18,15,2312,2268,44,1600,1239,361
eps_greedy_GLM,18,16,2212,2175,37,1700,1332,368
eps_greedy_GLM,18,17,2112,2086,26,1800,1421,379
eps_greedy_GLM,18,18,2012,1996,16,1900,1511,389
eps_greedy_GLM,18,19,1912,1899,13,2000,1608,392
eps_greedy_GLM,18,20,1812,1802,10,2100,1705,395
eps_greedy_GLM,18,21,1712,1704,8,2200,1803,397
eps_greedy_GLM,18,22,1612,1604,8,2300,1903,397
eps_greedy_GLM,18,23,1512,1505,7,2400,2002,398
eps_greedy_GLM,18,24,1412,1406,6,2500,2101,399
eps_greedy_GLM,18,25,1312,1308,4,2600,2199,401
eps_greedy_GLM,18,26,1212,1209,3,2700,2298,402
eps_greedy_GLM,18,27,1112,1109,3,2800,2398,402
eps_greedy_GLM,18,28,1012,1009,3,2900,2498,402
eps_greedy_GLM,18,29,912,909,3,3000,2598,402
eps_greedy_GLM,18,30,812,809,3,3100,2698,402
eps_greedy_GLM,18,31,712,709,3,3200,2798,402
eps_greedy_GLM,18,32,612,609,3,3300,2898,402
eps_greedy_GLM,18,33,512,511,1,3400,2996,404
eps_greedy_GLM,18,34,412,411,1,3500,3096,404
eps_greedy_GLM,18,35,312,311,1,3600,3196,404
eps_greedy_GLM,18,36,212,211,1,3700,3296,404
eps_greedy_GLM,18,37,112,112,0,3800,3395,405
eps_greedy_GLM,18,38,12,12,0,3900,3495,405
eps_greedy_GLM,18,39,0,0,0,3912,3507,405
eps_greedy_GLM,19,0,3812,3396,416,100,94,6
eps_greedy_GLM,19,1,3712,3305,407,200,185,15
eps_greedy_GLM,19,2,3612,3222,390,300,268,32
eps_greedy_GLM,19,3,3512,3189,323,400,301,99
eps_greedy_GLM,19,4,3412,3113,299,500,377,123
eps_greedy_GLM,19,5,3312,3041,271,600,449,151
eps_greedy_GLM,19,6,3212,2982,230,700,508,192
eps_greedy_GLM,19,7,3112,2917,195,800,573,227
eps_greedy_GLM,19,8,3012,2852,160,900,638,262
eps_greedy_GLM,19,9,2912,2785,127,1000,705,295
eps_greedy_GLM,19,10,2812,2707,105,1100,783,317
eps_greedy_GLM,19,11,2712,2632,80,1200,858,342
eps_greedy_GLM,19,12,2612,2550,62,1300,940,360
eps_greedy_GLM,19,13,2512,2460,52,1400,1030,370
eps_greedy_GLM,19,14,2412,2366,46,1500,1124,376
eps_greedy_GLM,19,15,2312,2273,39,1600,1217,383
eps_greedy_GLM,19,16,2212,2181,31,1700,1309,391
eps_greedy_GLM,19,17,2112,2087,25,1800,1403,397
eps_greedy_GLM,19,18,2012,1991,21,1900,1499,401
eps_greedy_GLM,19,19,1912,1894,18,2000,1596,404
eps_greedy_GLM,19,20,1812,1798,14,2100,1692,408
eps_greedy_GLM,19,21,1712,1700,12,2200,1790,410
eps_greedy_GLM,19,22,1612,1601,11,2300,1889,411
eps_greedy_GLM,19,23,1512,1502,10,2400,1988,412
eps_greedy_GLM,19,24,1412,1404,8,2500,2086,414
eps_greedy_GLM,19,25,1312,1306,6,2600,2184,416
eps_greedy_GLM,19,26,1212,1206,6,2700,2284,416
eps_greedy_GLM,19,27,1112,1108,4,2800,2382,418
eps_greedy_GLM,19,28,1012,1008,4,2900,2482,418
eps_greedy_GLM,19,29,912,910,2,3000,2580,420
eps_greedy_GLM,19,30,812,810,2,3100,2680,420
eps_greedy_GLM,19,31,712,710,2,3200,2780,420
eps_greedy_GLM,19,32,612,610,2,3300,2880,420
eps_greedy_GLM,19,33,512,510,2,3400,2980,420
eps_greedy_GLM,19,34,412,410,2,3500,3080,420
eps_greedy_GLM,19,35,312,311,1,3600,3179,421
eps_greedy_GLM,19,36,212,211,1,3700,3279,421
eps_greedy_GLM,19,37,112,112,0,3800,3378,422
eps_greedy_GLM,19,38,12,12,0,3900,3478,422
eps_greedy_GLM,19,39,0,0,0,3912,3490,422
eps_greedy_GLM,20,0,3812,3410,402,100,86,14
eps_greedy_GLM,20,1,3712,3323,389,200,173,27
eps_greedy_GLM,20,2,3612,3237,375,300,259,41
eps_greedy_GLM,20,3,3512,3173,339,400,323,77
eps_greedy_GLM,20,4,3412,3117,295,500,379,121
eps_greedy_GLM,20,5,3312,3053,259,600,443,157
eps_greedy_GLM,20,6,3212,2984,228,700,512,188
eps_greedy_GLM,20,7,3112,2926,186,800,570,230
eps_greedy_GLM,20,8,3012,2860,152,900,636,264
eps_greedy_GLM,20,9,2912,2790,122,1000,706,294
eps_greedy_GLM,20,10,2812,2704,108,1100,792,308
eps_greedy_GLM,20,11,2712,2631,81,1200,865,335
eps_greedy_GLM,20,12,2612,2544,68,1300,952,348
eps_greedy_GLM,20,13,2512,2462,50,1400,1034,366
eps_greedy_GLM,20,14,2412,2374,38,1500,1122,378
eps_greedy_GLM,20,15,2312,2283,29,1600,1213,387
eps_greedy_GLM,20,16,2212,2190,22,1700,1306,394
eps_greedy_GLM,20,17,2112,2098,14,1800,1398,402
eps_greedy_GLM,20,18,2012,2001,11,1900,1495,405
eps_greedy_GLM,20,19,1912,1904,8,2000,1592,408
eps_greedy_GLM,20,20,1812,1805,7,2100,1691,409
eps_greedy_GLM,20,21,1712,1705,7,2200,1791,409
eps_greedy_GLM,20,22,1612,1605,7,2300,1891,409
eps_greedy_GLM,20,23,1512,1506,6,2400,1990,410
eps_greedy_GLM,20,24,1412,1406,6,2500,2090,410
eps_greedy_GLM,20,25,1312,1306,6,2600,2190,410
eps_greedy_GLM,20,26,1212,1207,5,2700,2289,411
eps_greedy_GLM,20,27,1112,1110,2,2800,2386,414
eps_greedy_GLM,20,28,1012,1010,2,2900,2486,414
eps_greedy_GLM,20,29,912,911,1,3000,2585,415
eps_greedy_GLM,20,30,812,811,1,3100,2685,415
eps_greedy_GLM,20,31,712,711,1,3200,2785,415
eps_greedy_GLM,20,32,612,612,0,3300,2884,416
eps_greedy_GLM,20,33,512,512,0,3400,2984,416
eps_greedy_GLM,20,34,412,412,0,3500,3084,416
eps_greedy_GLM,20,35,312,312,0,3600,3184,416
eps_greedy_GLM,20,36,212,212,0,3700,3284,416
eps_greedy_GLM,20,37,112,112,0,3800,3384,416
eps_greedy_GLM,20,38,12,12,0,3900,3484,416
eps_greedy_GLM,20,39,0,0,0,3912,3496,416
